组合：1 4 5 7 14 24 26 32数量：1

组合：8 12 17 19 24 26 30 31数量：1

组合：3 4 8 9 14 18 24 30数量：1

组合：9 10 13 15 16 20 29 30数量：1

组合：4 5 5 7 7 9 18 19数量：1

组合：3 3 5 6 9 13 20 22数量：1

组合：11 17 22 23 24 26 29 32数量：1

组合：5 11 14 15 19 25 29 31数量：1

组合：1 7 8 10 12 23 27 30数量：1

组合：23 27 28 30 31 32 32 33数量：2

组合：1 3 5 6 10 13 18 32数量：1

组合：1 2 3 9 13 18 18 29数量：1

组合：3 13 17 19 21 27 27 32数量：1

组合：1 4 5 8 14 17 18 19数量：1

组合：1 7 11 13 20 24 26 31数量：1

组合：10 14 14 15 21 25 27 28数量：1

组合：5 7 16 17 24 25 25 29数量：1

组合：1 5 7 11 14 24 26 32数量：1

组合：2 7 10 17 19 22 25 29数量：1

组合：11 20 22 23 24 26 29 32数量：1

组合：1 5 13 15 15 20 27 31数量：1

组合：6 8 9 11 12 17 21 27数量：1

组合：7 11 13 18 19 22 23 24数量：1

组合：2 12 13 14 14 21 21 26数量：1

组合：6 8 14 15 16 22 23 28数量：1

组合：12 13 14 16 18 19 21 30数量：1

组合：2 7 8 11 14 16 17 27数量：1

组合：3 18 20 23 24 25 26 27数量：1

组合：1 1 6 7 17 21 29 30数量：1

组合：1 6 11 18 21 24 27 29数量：1

组合：8 10 10 11 15 16 17 19数量：1

组合：8 12 13 18 19 26 26 31数量：1

组合：9 10 12 17 24 29 30 32数量：2

组合：10 12 13 14 14 21 21 26数量：1

组合：1 4 18 21 22 27 30 31数量：1

组合：10 13 15 16 26 26 27 31数量：1

组合：2 3 4 10 11 17 21 25数量：1

组合：10 14 15 17 18 19 21 23数量：1

组合：1 4 11 13 20 26 27 32数量：1

组合：2 6 9 10 20 28 29 31数量：1

组合：1 4 17 18 22 27 30 31数量：1

组合：2 3 4 10 11 21 25 31数量：1

组合：1 4 17 17 24 24 30 32数量：1

组合：1 1 5 6 9 18 21 31数量：1

组合：1 4 5 7 14 17 18 19数量：1

组合：2 3 8 15 15 20 22 24数量：1

组合：1 3 5 7 11 22 30 33数量：1

组合：3 16 18 18 23 26 29 30数量：1

组合：7 10 17 19 21 22 25 29数量：1

组合：15 16 17 20 21 23 26 32数量：1

组合：1 4 6 17 18 24 29 31数量：1

组合：4 5 9 16 18 26 30 32数量：1

组合：1 8 12 15 18 20 24 27数量：1

组合：6 8 13 19 20 20 21 30数量：1

组合：7 11 13 18 20 24 26 31数量：1

组合：6 7 17 20 23 27 29 32数量：1

组合：6 8 11 14 17 25 26 27数量：1

组合：7 8 12 19 21 22 23 30数量：1

组合：2 9 14 16 16 17 22 32数量：1

组合：2 7 10 23 26 26 27 32数量：1

组合：5 12 19 21 22 23 25 32数量：1

组合：10 14 20 24 25 26 29 30数量：1

组合：6 7 7 13 16 21 22 31数量：1

组合：5 5 7 7 9 18 19 20数量：1

组合：7 10 12 19 22 23 25 31数量：1

组合：1 2 3 3 4 6 10 15数量：1

组合：1 12 22 24 26 27 27 29数量：1

组合：2 4 8 13 17 24 25 31数量：1

组合：2 2 6 8 12 15 26 29数量：1

组合：4 5 13 14 17 23 26 32数量：1

组合：5 7 10 12 19 19 25 29数量：1

组合：2 9 10 10 19 21 26 31数量：1

组合：4 8 9 18 20 20 27 30数量：1

组合：2 2 6 13 16 17 19 20数量：1

组合：1 8 10 12 18 20 24 27数量：1

组合：5 16 22 22 24 25 28 32数量：1

组合：1 2 3 4 17 26 27 30数量：1

组合：12 13 16 18 19 26 26 31数量：1

组合：1 2 3 6 10 17 19 27数量：1

组合：2 11 16 21 22 23 29 33数量：1

组合：3 7 11 11 14 18 23 28数量：1

组合：2 6 8 10 12 15 26 29数量：2

组合：4 7 11 14 21 24 28 29数量：1

组合：2 4 5 8 13 17 24 25数量：1

组合：1 11 14 15 23 24 25 29数量：1

组合：3 13 20 23 24 25 26 27数量：1

组合：6 7 7 13 16 19 21 22数量：1

组合：2 2 4 5 8 9 14 20数量：1

组合：4 8 11 18 20 20 27 30数量：1

组合：3 8 10 13 14 20 21 22数量：1

组合：2 8 8 13 16 18 22 25数量：1

组合：4 8 9 11 18 20 20 27数量：1

组合：1 9 11 14 21 25 26 31数量：1

组合：7 10 16 21 22 23 25 27数量：1

组合：2 5 6 7 12 19 24 27数量：1

组合：10 26 27 29 30 32 32 33数量：1

组合：1 2 2 4 4 8 19 28数量：1

组合：1 5 7 10 11 22 30 33数量：1

组合：3 10 14 15 17 18 21 23数量：1

组合：3 7 14 24 29 29 30 32数量：1

组合：8 14 17 20 24 26 29 29数量：1

组合：2 7 11 11 14 18 23 28数量：1

组合：3 10 15 17 18 19 21 23数量：1

组合：7 15 20 22 24 27 29 31数量：1

组合：3 3 5 6 9 13 20 32数量：1

组合：1 4 5 7 11 14 24 32数量：1

组合：2 9 10 10 19 20 21 31数量：1

组合：10 15 18 20 26 27 29 30数量：1

组合：1 6 10 19 24 26 26 30数量：1

组合：2 3 7 11 11 14 18 28数量：1

组合：3 4 4 6 10 13 21 30数量：1

组合：4 8 9 16 18 26 30 32数量：1

组合：1 7 11 14 15 24 25 29数量：1

组合：4 4 7 7 13 14 22 32数量：1

组合：7 13 15 18 18 20 21 31数量：1

组合：6 12 17 24 25 29 30 32数量：1

组合：4 5 11 14 17 22 28 28数量：1

组合：1 6 9 17 18 24 29 31数量：1

组合：1 3 4 8 11 19 22 27数量：1

组合：2 6 7 7 8 16 24 32数量：1

组合：1 2 6 9 19 21 24 26数量：1

组合：2 9 11 14 16 16 17 22数量：1

组合：4 9 11 13 17 22 30 32数量：1

组合：1 4 6 9 17 18 29 31数量：1

组合：1 4 11 17 17 24 30 32数量：2

组合：3 17 18 19 21 27 27 32数量：1

组合：1 7 11 13 18 24 26 31数量：1

组合：1 4 8 11 13 17 24 30数量：1

组合：9 15 20 25 27 29 30 33数量：1

组合：4 14 19 20 21 22 26 30数量：1

组合：4 7 7 11 11 19 20 21数量：1

组合：1 2 9 18 19 24 25 32数量：1

组合：5 8 9 10 17 20 23 26数量：1

组合：1 9 11 14 19 21 25 26数量：1

组合：1 12 16 18 24 28 29 32数量：1

组合：11 14 15 23 23 24 26 27数量：1

组合：2 4 11 12 13 18 19 31数量：1

组合：11 17 18 21 22 22 23 27数量：1

组合：1 8 9 10 12 23 27 30数量：1

组合：10 18 26 29 30 32 32 33数量：1

组合：3 8 16 20 21 22 27 30数量：1

组合：4 6 14 19 20 21 26 30数量：1

组合：4 4 5 6 10 13 21 30数量：1

组合：1 1 4 7 17 21 29 30数量：1

组合：4 5 8 13 17 24 25 31数量：1

组合：3 6 13 17 19 21 24 27数量：1

组合：9 12 13 16 18 19 24 32数量：1

组合：14 17 19 24 26 27 28 28数量：1

组合：8 13 16 18 19 26 26 31数量：1

组合：1 11 14 18 21 24 27 29数量：1

组合：5 7 16 17 24 25 28 29数量：2

组合：12 17 19 24 26 30 31 32数量：1

组合：1 1 4 5 17 18 22 29数量：2

组合：2 3 11 12 13 13 15 25数量：1

组合：5 7 8 10 18 27 29 30数量：1

组合：1 2 3 4 17 27 30 31数量：1

组合：2 9 14 14 15 18 22 26数量：2

组合：2 7 10 19 21 22 25 29数量：1

组合：3 4 5 6 7 10 14 15数量：1

组合：21 24 26 27 28 29 30 32数量：1

组合：1 3 7 19 25 30 31 31数量：1

组合：1 2 11 16 21 22 23 29数量：1

组合：2 7 11 11 12 24 25 26数量：1

组合：14 17 19 24 26 27 28 30数量：2

组合：4 8 12 16 17 21 25 30数量：1

组合：1 2 4 4 8 9 19 28数量：2

组合：9 12 16 20 21 23 26 28数量：1

组合：10 15 19 22 24 26 30 30数量：1

组合：6 7 7 8 16 19 24 32数量：1

组合：3 22 24 25 26 29 30 32数量：1

组合：1 8 10 12 15 18 20 27数量：1

组合：2 3 4 8 9 14 24 30数量：1

组合：23 27 28 31 32 32 33 33数量：1

组合：1 10 10 16 18 22 25 31数量：1

组合：1 2 6 6 17 19 21 25数量：1

组合：3 6 8 12 13 19 24 27数量：1

组合：4 5 8 9 18 26 30 32数量：1

组合：1 6 19 19 23 26 29 32数量：1

组合：1 7 8 11 14 16 17 27数量：1

组合：2 6 8 22 24 26 27 32数量：1

组合：2 5 6 8 14 17 25 26数量：1

组合：1 6 6 12 12 18 25 29数量：1

组合：10 15 15 17 19 20 21 30数量：1

组合：3 5 6 7 10 14 15 28数量：1

组合：5 11 12 15 19 25 29 31数量：1

组合：6 14 19 20 21 22 26 30数量：1

组合：3 4 16 17 20 25 26 27数量：1

组合：3 4 7 13 15 25 28 29数量：1

组合：5 9 19 24 27 30 31 33数量：1

组合：6 7 7 13 19 21 22 31数量：1

组合：1 12 20 21 23 24 24 32数量：1

组合：1 3 6 10 11 13 18 32数量：1

组合：10 18 26 27 30 32 32 33数量：1

组合：4 4 7 13 14 17 22 32数量：2

组合：5 7 12 16 22 25 26 27数量：1

组合：4 9 11 17 22 27 30 32数量：1

组合：10 15 15 17 18 19 21 30数量：1

组合：1 2 6 9 19 24 26 27数量：1

组合：1 6 11 14 21 24 27 29数量：1

组合：2 3 8 8 13 16 22 25数量：1

组合：2 3 12 15 18 19 20 32数量：1

组合：1 6 11 14 18 24 27 29数量：1

组合：13 17 18 19 21 27 27 32数量：1

组合：2 3 9 12 13 15 19 22数量：1

组合：2 3 7 8 18 24 25 32数量：1

组合：3 4 7 12 13 14 20 24数量：1

组合：2 3 7 11 11 18 23 28数量：1

组合：7 7 8 9 10 14 29 30数量：1

组合：4 11 13 20 21 26 27 32数量：1

组合：2 3 5 6 9 10 15 23数量：1

组合：3 4 6 7 10 14 15 28数量：1

组合：2 3 8 15 15 17 20 24数量：1

组合：1 7 11 14 15 23 24 29数量：1

组合：1 7 16 20 24 26 27 32数量：1

组合：3 6 8 10 21 23 29 30数量：1

组合：2 9 11 14 16 16 17 32数量：1

组合：3 4 8 11 19 22 23 27数量：1

组合：8 9 10 11 16 18 26 32数量：2

组合：1 4 17 21 22 27 30 31数量：1

组合：2 3 8 8 13 16 18 22数量：1

组合：1 2 5 8 10 12 22 32数量：1

组合：2 3 12 13 15 19 20 32数量：1

组合：9 15 16 17 20 21 23 32数量：1

组合：2 3 4 5 9 10 15 23数量：1

组合：2 11 12 13 13 15 18 25数量：1

组合：4 5 13 17 23 25 26 32数量：1

组合：3 13 17 18 19 27 27 32数量：1

组合：2 4 4 6 10 10 18 26数量：1

组合：4 10 14 20 24 25 29 30数量：1

组合：4 5 8 9 13 14 18 24数量：1

组合：2 2 3 4 6 22 25 26数量：1

组合：2 3 7 18 24 25 27 32数量：1

组合：14 17 19 24 27 28 28 30数量：1

组合：2 7 9 9 13 23 25 28数量：1

组合：4 5 8 9 16 26 30 32数量：1

组合：2 7 8 10 14 16 20 31数量：1

组合：2 4 6 11 12 18 19 31数量：1

组合：1 2 7 12 13 15 18 29数量：1

组合：1 1 4 5 5 17 18 29数量：1

组合：3 11 12 13 13 15 18 25数量：1

组合：1 8 10 15 18 20 24 27数量：1

组合：3 5 6 10 11 13 18 32数量：1

组合：4 5 8 9 10 14 18 24数量：1

组合：3 8 15 15 17 20 22 24数量：1

组合：6 8 22 24 25 26 27 32数量：1

组合：1 2 4 9 12 13 16 25数量：2

组合：1 6 6 11 12 12 25 29数量：1

组合：10 10 16 18 22 25 28 31数量：1

组合：1 2 3 17 26 27 30 31数量：1

组合：6 11 12 24 25 29 30 32数量：1

组合：3 4 7 12 13 14 23 24数量：1

组合：1 3 4 17 26 27 30 31数量：1

组合：1 6 10 19 24 25 26 30数量：2

组合：2 2 5 6 16 17 19 20数量：1

组合：1 3 4 8 11 19 22 23数量：1

组合：4 8 9 11 20 20 27 30数量：1

组合：2 3 3 4 5 6 10 15数量：1

组合：5 7 8 10 18 29 30 32数量：1

组合：1 5 6 13 15 16 25 31数量：1

组合：2 6 7 7 8 16 19 24数量：1

组合：1 2 9 17 18 19 24 32数量：1

组合：7 14 21 22 22 23 27 29数量：1

组合：1 7 12 20 22 24 30 31数量：1

组合：3 7 8 10 21 23 29 30数量：1

组合：10 15 17 18 19 20 21 30数量：2

组合：1 3 4 11 19 22 23 27数量：1

组合：7 14 24 25 26 26 28 29数量：1

组合：2 3 4 10 17 21 25 31数量：1

组合：3 4 5 7 9 12 18 21数量：1

组合：10 14 14 21 25 27 28 29数量：1

组合：4 10 14 20 24 25 26 29数量：1

组合：6 11 12 17 24 25 29 30数量：1

组合：4 5 9 10 13 14 18 24数量：1

组合：1 2 8 11 14 16 17 27数量：1

组合：6 8 10 11 14 17 25 27数量：1

组合：3 8 14 17 20 24 29 29数量：1

组合：1 7 8 9 10 12 23 27数量：1

组合：1 2 3 3 5 6 10 15数量：1

组合：1 4 11 17 17 24 24 30数量：1

组合：9 10 12 18 21 22 23 26数量：1

组合：7 8 12 19 22 23 30 32数量：1

组合：1 6 14 18 21 24 27 29数量：1

组合：2 4 4 6 10 10 14 26数量：1

组合：3 8 10 13 14 16 20 22数量：1

组合：1 3 5 6 10 11 13 32数量：1

组合：5 7 12 13 17 20 23 30数量：1

组合：1 10 10 16 18 22 28 31数量：1

组合：1 4 4 9 12 13 16 25数量：1

组合：6 7 9 11 20 21 22 25数量：1

组合：6 14 15 16 19 22 23 28数量：1

组合：8 10 10 15 16 17 19 26数量：1

组合：8 9 11 12 15 17 21 27数量：1

组合：3 6 7 17 20 23 27 29数量：1

组合：19 19 20 22 23 26 29 32数量：1

组合：1 1 5 6 7 18 21 31数量：1

组合：2 6 10 20 26 28 29 31数量：1

组合：1 3 5 6 10 11 13 18数量：1

组合：2 5 23 26 28 30 31 31数量：1

组合：10 12 13 13 22 24 29 31数量：1

组合：7 8 11 13 19 22 23 24数量：1

组合：6 7 11 20 21 22 25 26数量：1

组合：3 14 16 18 18 23 26 30数量：1

组合：8 16 17 20 21 22 27 30数量：1

组合：1 10 10 16 22 25 28 31数量：1

组合：3 9 12 13 16 19 24 32数量：1

组合：8 9 10 17 20 22 23 26数量：1

组合：15 18 20 26 27 29 30 32数量：1

组合：1 4 17 18 21 22 27 30数量：1

组合：7 8 12 21 22 23 30 32数量：1

组合：1 6 12 13 14 22 24 25数量：1

组合：10 13 15 17 26 26 27 31数量：1

组合：2 3 6 8 13 19 24 27数量：1

组合：3 10 13 14 16 20 21 22数量：1

组合：10 11 17 18 21 22 22 23数量：1

组合：8 12 19 24 26 30 31 32数量：1

组合：2 3 4 8 9 18 24 30数量：1

组合：1 2 8 8 11 17 25 27数量：1

组合：7 14 23 24 25 26 26 28数量：1

组合：5 8 8 9 21 22 30 32数量：1

组合：2 3 8 9 14 18 24 30数量：1

组合：3 6 8 8 10 12 21 23数量：1

组合：6 7 9 11 20 22 25 26数量：1

组合：6 13 16 17 24 26 31 32数量：1

组合：6 7 8 13 23 24 25 30数量：1

组合：9 19 24 27 30 31 32 33数量：1

组合：1 4 7 8 14 17 18 19数量：1

组合：3 14 15 17 18 19 21 23数量：1

组合：1 10 10 18 22 25 28 31数量：1

组合：1 7 14 15 23 24 25 29数量：1

组合：1 1 3 5 13 17 22 32数量：1

组合：1 16 20 24 26 27 30 32数量：1

组合：9 16 22 22 25 27 28 28数量：1

组合：5 8 8 12 21 22 30 32数量：1

组合：3 14 16 18 18 23 26 29数量：1

组合：2 3 8 8 13 18 22 25数量：1

组合：2 3 7 11 14 18 23 28数量：2

组合：8 10 10 11 15 17 19 26数量：1

组合：7 11 14 15 23 23 24 27数量：1

组合：3 3 5 6 13 20 22 32数量：1

组合：2 9 10 10 19 20 21 26数量：1

组合：2 3 11 12 13 15 18 25数量：2

组合：3 6 14 15 18 20 20 24数量：1

组合：1 8 12 20 21 23 24 32数量：2

组合：3 4 8 9 21 28 31 32数量：1

组合：3 4 15 16 17 20 25 26数量：1

组合：5 7 10 14 15 17 30 32数量：1

组合：1 4 5 7 8 17 18 19数量：1

组合：5 8 9 10 17 20 22 26数量：1

组合：3 4 5 7 9 18 21 26数量：1

组合：7 7 9 10 14 22 29 30数量：1

组合：8 14 15 18 21 22 30 31数量：1

组合：2 4 6 11 13 18 19 31数量：1

组合：5 6 8 11 11 17 17 20数量：1

组合：1 8 11 13 17 24 25 30数量：1

组合：1 4 8 13 17 24 25 30数量：1

组合：3 7 8 11 12 18 24 25数量：1

组合：2 3 9 9 13 23 25 28数量：1

组合：6 11 12 17 25 29 30 32数量：1

组合：2 5 7 12 16 22 25 26数量：1

组合：1 2 3 4 17 26 27 31数量：1

组合：10 13 13 22 24 29 30 31数量：1

组合：1 2 16 21 22 23 29 33数量：1

组合：7 8 11 13 18 19 22 24数量：1

组合：6 8 10 14 17 25 26 27数量：1

组合：5 6 10 12 15 16 23 29数量：1

组合：1 6 11 14 18 21 24 27数量：1

组合：3 13 17 18 19 21 27 27数量：1

组合：3 9 12 16 18 19 24 32数量：1

组合：2 3 8 15 15 17 22 24数量：1

组合：2 3 9 13 15 19 22 23数量：1

组合：2 4 5 8 17 24 25 31数量：1

组合：4 5 7 11 14 24 26 32数量：1

组合：1 2 7 11 14 16 17 27数量：1

组合：7 10 16 21 22 25 27 32数量：1

组合：5 5 9 13 20 23 29 31数量：1

组合：6 7 13 16 19 21 22 31数量：2

组合：6 9 11 20 21 22 25 26数量：1

组合：3 4 4 5 10 13 21 30数量：1

组合：3 8 14 20 24 26 29 29数量：1

组合：6 11 17 24 25 29 30 32数量：1

组合：2 7 9 10 10 14 15 28数量：1

组合：2 4 4 9 12 13 16 25数量：1

组合：10 15 18 26 27 29 30 32数量：1

组合：5 7 12 17 20 22 23 30数量：1

组合：3 11 21 21 29 29 31 32数量：1

组合：2 2 6 8 10 12 26 29数量：1

组合：6 7 12 13 14 22 24 25数量：1

组合：2 3 4 5 6 9 15 23数量：1

组合：10 14 14 15 25 27 28 29数量：1

组合：5 6 10 12 15 21 23 29数量：1

组合：19 19 22 23 26 29 31 32数量：1

组合：5 7 8 10 14 16 20 31数量：1

组合：3 4 7 12 14 20 23 24数量：1

组合：6 7 9 20 21 22 25 26数量：1

组合：1 6 7 12 13 14 24 25数量：1

组合：2 9 14 14 18 18 22 26数量：1

组合：7 9 15 18 19 24 24 28数量：1

组合：2 3 8 8 16 18 22 25数量：1

组合：2 6 7 8 12 15 15 18数量：1

组合：3 11 15 21 21 29 29 32数量：1

组合：1 2 6 18 24 25 29 32数量：1

组合：1 3 5 10 11 13 18 32数量：1

组合：4 7 11 14 21 22 28 29数量：1

组合：1 5 12 13 15 15 27 31数量：1

组合：3 7 9 9 13 23 25 28数量：1

组合：2 9 22 25 29 29 31 31数量：1

组合：9 12 16 21 23 26 28 29数量：1

组合：8 9 10 11 18 26 26 32数量：1

组合：1 7 12 20 22 24 27 30数量：1

组合：2 3 4 5 6 10 15 23数量：1

组合：4 5 15 20 21 22 25 25数量：1

组合：3 8 10 13 14 16 21 22数量：1

组合：2 4 6 11 12 13 19 31数量：1

组合：3 8 16 17 20 21 27 30数量：1

组合：14 17 19 26 27 28 28 30数量：1

组合：1 3 7 25 28 30 31 31数量：1

组合：2 4 4 6 10 14 18 26数量：2

组合：2 5 12 19 21 23 25 32数量：1

组合：5 8 10 17 20 22 23 26数量：1

组合：5 12 14 15 19 25 29 31数量：1

组合：4 9 11 13 17 27 30 32数量：1

组合：10 11 17 18 21 22 22 27数量：1

组合：1 7 11 14 15 23 24 25数量：1

组合：13 16 17 19 21 25 31 32数量：1

组合：1 3 7 14 29 29 30 32数量：1

组合：6 16 17 19 22 25 32 33数量：1

组合：3 4 5 7 9 12 18 26数量：1

组合：3 6 7 8 10 23 29 30数量：1

组合：4 14 20 24 25 26 29 30数量：1

组合：2 6 8 22 25 26 27 32数量：1

组合：2 3 7 11 11 14 18 23数量：1

组合：2 3 11 12 13 13 18 25数量：1

组合：3 4 4 5 6 10 21 30数量：1

组合：3 6 15 18 20 20 24 25数量：1

组合：6 14 15 18 20 20 24 25数量：1

组合：2 3 11 19 22 23 25 30数量：1

组合：3 6 14 15 18 20 24 25数量：2

组合：5 6 11 15 17 26 30 32数量：1

组合：1 11 14 19 21 25 26 31数量：1

组合：4 6 11 12 13 18 19 31数量：1

组合：3 4 8 9 16 28 31 32数量：1

组合：2 3 22 24 25 26 29 30数量：1

组合：2 3 4 8 9 14 18 24数量：1

组合：2 10 23 25 26 26 27 32数量：1

组合：2 3 7 9 9 13 25 28数量：1

组合：4 4 7 7 13 14 17 32数量：1

组合：1 5 6 8 10 12 22 32数量：1

组合：7 11 14 21 22 22 27 29数量：1

组合：1 7 8 9 10 12 27 30数量：1

组合：2 9 11 17 21 24 26 32数量：2

组合：6 7 8 10 21 23 29 30数量：1

组合：10 12 13 13 22 29 30 31数量：1

组合：1 6 10 19 23 26 29 32数量：2

组合：1 10 16 18 22 25 28 31数量：2

组合：2 5 6 7 8 12 19 24数量：1

组合：9 15 16 17 20 21 26 32数量：1

组合：7 11 21 22 22 23 27 29数量：1

组合：3 6 7 17 23 27 29 32数量：1

组合：2 3 4 5 6 9 10 15数量：1

组合：1 12 14 15 15 17 27 28数量：1

组合：4 5 5 7 7 18 19 20数量：1

组合：4 10 14 20 24 25 26 30数量：1

组合：8 12 17 19 24 26 31 32数量：1

组合：2 3 4 10 11 17 21 31数量：1

组合：1 2 2 4 4 8 9 28数量：1

组合：1 4 5 7 11 14 24 26数量：1

组合：6 8 10 19 20 20 21 30数量：1

组合：2 23 26 28 29 30 31 31数量：1

组合：3 8 14 17 24 26 29 29数量：1

组合：3 4 7 14 15 25 28 29数量：1

组合：3 6 7 8 10 21 23 29数量：1

组合：8 10 10 11 15 16 19 26数量：1

组合：3 13 18 20 23 24 25 27数量：1

组合：2 5 7 12 13 15 18 29数量：1

组合：2 7 9 10 10 14 26 28数量：1

组合：5 7 9 13 14 15 24 25数量：2

组合：1 7 12 20 24 27 30 31数量：1

组合：1 2 5 6 19 22 23 27数量：1

组合：3 6 7 8 10 21 29 30数量：1

组合：9 11 14 16 16 17 22 32数量：1

组合：3 4 5 7 12 18 21 26数量：1

组合：2 5 6 8 16 24 24 25数量：1

组合：4 5 6 15 20 22 25 25数量：1

组合：4 5 14 19 21 23 27 29数量：1

组合：1 2 8 8 11 25 27 29数量：1

组合：4 5 16 19 21 23 27 29数量：1

组合：2 7 10 18 27 29 29 30数量：1

组合：1 2 3 4 5 6 10 15数量：2

组合：2 3 6 12 13 19 24 27数量：1

组合：1 1 3 5 13 17 24 32数量：1

组合：3 7 9 15 24 25 28 32数量：2

组合：4 5 6 8 16 24 24 25数量：1

组合：6 13 16 24 26 27 31 32数量：1

组合：2 2 5 13 16 17 19 20数量：1

组合：3 4 15 16 17 25 26 27数量：1

组合：6 13 16 17 24 26 27 31数量：1

组合：1 7 9 10 12 23 27 30数量：1

组合：5 6 11 15 23 26 30 32数量：1

组合：2 6 9 10 20 26 28 31数量：1

组合：5 5 9 13 23 24 29 31数量：1

组合：3 4 8 16 21 28 31 32数量：1

组合：5 7 9 9 13 14 15 24数量：1

组合：1 3 5 13 17 22 24 32数量：2

组合：4 13 14 17 23 25 26 32数量：1

组合：4 5 14 17 22 27 28 28数量：1

组合：2 5 7 10 14 15 17 30数量：1

组合：10 12 14 16 18 19 21 30数量：1

组合：3 13 17 18 19 21 27 32数量：2

组合：2 4 5 7 15 17 18 25数量：1

组合：5 9 19 24 27 31 32 33数量：1

组合：7 10 12 15 19 19 25 29数量：1

组合：5 5 9 20 23 24 29 31数量：1

组合：1 2 6 17 19 21 25 28数量：2

组合：3 8 16 17 20 21 22 30数量：1

组合：4 21 26 27 28 29 30 32数量：1

组合：10 15 18 20 26 29 30 32数量：1

组合：7 13 18 21 22 30 31 32数量：1

组合：3 5 6 9 13 20 22 32数量：2

组合：5 16 22 22 24 25 28 31数量：1

组合：9 10 18 21 22 23 26 27数量：1

组合：18 26 27 29 30 32 32 33数量：1

组合：7 8 12 19 21 23 30 32数量：1

组合：1 7 13 15 18 18 20 21数量：1

组合：2 7 10 12 22 23 25 31数量：1

组合：1 1 6 7 9 18 21 31数量：1

组合：5 11 12 14 19 25 29 31数量：1

组合：2 2 6 8 10 15 26 29数量：1

组合：2 3 8 8 13 16 18 25数量：1

组合：4 8 10 17 19 21 24 25数量：1

组合：1 2 3 13 18 18 27 29数量：1

组合：6 8 10 11 14 17 25 26数量：1

组合：1 7 14 24 29 29 30 32数量：1

组合：4 5 13 14 17 23 25 26数量：1

组合：1 4 8 16 17 21 25 30数量：1

组合：2 2 4 6 9 22 25 26数量：1

组合：4 5 11 14 17 27 28 28数量：1

组合：4 8 14 17 19 21 24 25数量：1

组合：5 7 9 9 13 14 24 25数量：1

组合：6 16 17 19 22 25 30 33数量：1

组合：4 9 17 20 25 26 29 30数量：1

组合：4 8 10 14 19 21 24 25数量：1

组合：3 4 4 5 6 10 13 21数量：1

组合：1 3 6 7 11 18 19 21数量：2

组合：1 2 5 6 13 16 25 31数量：1

组合：1 12 13 15 15 20 27 31数量：1

组合：2 4 5 8 13 17 25 31数量：1

组合：5 7 10 12 15 19 19 25数量：1

组合：5 16 17 24 25 25 28 29数量：1

组合：6 17 19 22 25 30 32 33数量：1

组合：3 8 10 14 16 20 21 22数量：1

组合：1 2 6 9 19 21 24 27数量：1

组合：9 11 17 17 21 24 26 32数量：1

组合：3 6 7 8 10 21 23 30数量：1

组合：1 4 5 12 23 25 29 29数量：1

组合：6 8 11 13 23 24 25 30数量：1

组合：5 6 9 11 11 17 17 20数量：1

组合：4 5 8 9 10 13 18 24数量：1

组合：1 4 12 22 23 25 29 29数量：1

组合：1 3 5 7 10 11 22 30数量：1

组合：3 7 15 24 25 28 28 32数量：1

组合：1 8 8 11 17 25 27 29数量：1

组合：1 5 12 15 17 23 27 31数量：1

组合：8 10 13 14 16 20 21 22数量：1

组合：2 5 7 8 12 19 24 27数量：1

组合：2 9 12 22 29 29 31 31数量：1

组合：2 3 6 8 12 13 19 27数量：1

组合：3 4 7 13 14 15 28 29数量：1

组合：1 2 2 4 4 8 9 19数量：1

组合：2 5 9 9 19 19 23 27数量：1

组合：2 7 10 16 18 29 29 30数量：1

组合：2 5 23 26 29 30 31 31数量：1

组合：7 8 11 13 18 19 23 24数量：1

组合：2 2 3 6 9 22 25 26数量：1

组合：1 3 12 22 25 26 29 31数量：1

组合：1 1 4 5 5 17 22 29数量：1

组合：5 7 16 17 24 25 25 28数量：1

组合：3 7 8 18 24 25 27 32数量：1

组合：16 22 22 24 25 28 31 32数量：1

组合：1 3 6 17 19 21 24 27数量：1

组合：7 15 18 19 24 24 25 28数量：1

组合：5 23 26 28 29 30 31 31数量：1

组合：2 3 8 11 19 22 25 30数量：1

组合：5 12 13 15 15 20 27 31数量：1

组合：3 5 7 10 11 22 30 33数量：1

组合：1 4 17 18 21 27 30 31数量：1

组合：1 5 12 13 15 20 27 31数量：2

组合：2 7 10 16 18 27 29 29数量：1

组合：2 9 14 15 18 18 22 26数量：2

组合：5 6 15 20 21 22 25 25数量：1

组合：7 8 11 13 18 22 23 24数量：1

组合：2 4 10 11 17 21 25 31数量：1

组合：1 4 11 20 21 26 27 32数量：1

组合：1 2 4 17 26 27 30 31数量：1

组合：2 10 12 13 14 21 21 26数量：2

组合：4 9 11 13 17 22 27 32数量：1

组合：10 13 16 17 26 26 27 31数量：1

组合：4 9 16 20 25 26 29 30数量：1

组合：14 19 24 26 27 28 28 30数量：1

组合：2 5 7 10 14 15 30 32数量：1

组合：8 15 19 23 24 27 27 28数量：2

组合：1 3 7 14 24 29 29 30数量：1

组合：2 6 7 8 12 19 24 27数量：1

组合：4 7 7 11 11 12 19 21数量：1

组合：4 11 14 17 22 27 28 28数量：1

组合：1 2 5 7 13 15 18 29数量：1

组合：2 7 10 10 14 15 26 28数量：1

组合：1 4 8 11 13 24 25 30数量：1

组合：7 15 20 24 27 28 29 31数量：1

组合：2 4 5 6 8 16 24 25数量：2

组合：1 7 8 9 10 23 27 30数量：1

组合：3 8 14 17 20 24 26 29数量：2

组合：1 2 3 6 17 19 21 27数量：1

组合：1 9 11 14 19 25 26 31数量：1

组合：1 2 3 6 10 17 19 21数量：1

组合：2 9 11 17 17 21 26 32数量：1

组合：2 2 5 6 13 16 19 20数量：1

组合：2 3 7 9 9 23 25 28数量：1

组合：4 5 6 15 20 21 22 25数量：2

组合：2 3 10 11 17 21 25 31数量：1

组合：5 9 19 24 27 30 32 33数量：1

组合：1 12 16 18 19 24 28 32数量：1

组合：3 11 15 21 29 29 31 32数量：2

组合：1 2 5 6 8 19 22 23数量：1

组合：1 2 6 6 17 19 21 28数量：1

组合：2 2 3 4 5 8 9 20数量：1

组合：1 2 6 8 10 12 22 32数量：1

组合：1 2 5 6 15 16 25 31数量：1

组合：10 18 20 26 27 29 30 32数量：1

组合：2 3 9 12 13 15 22 23数量：1

组合：3 4 5 6 10 14 15 28数量：1

组合：2 3 7 8 18 25 27 32数量：1

组合：6 13 16 17 24 26 27 32数量：1

组合：2 5 12 21 22 23 25 32数量：1

组合：5 10 12 15 16 21 23 29数量：1

组合：2 3 15 15 17 20 22 24数量：1

组合：3 8 10 13 16 20 21 22数量：1

组合：2 6 9 20 26 28 29 31数量：1

组合：2 3 7 8 18 24 27 32数量：1

组合：10 15 15 17 18 19 20 21数量：1

组合：14 17 24 26 27 28 28 30数量：1

组合：2 10 17 19 21 22 25 29数量：1

组合：1 3 8 8 10 12 21 23数量：1

组合：5 12 13 17 20 22 23 30数量：1

组合：1 16 18 19 24 28 29 32数量：1

组合：2 3 8 12 13 19 24 27数量：1

组合：5 9 19 24 30 31 32 33数量：1

组合：5 5 9 13 20 23 24 29数量：1

组合：1 4 5 7 8 14 17 19数量：1

组合：1 6 7 12 13 14 22 25数量：1

组合：1 2 5 6 8 22 23 27数量：1

组合：5 9 19 24 27 30 31 32数量：1

组合：1 3 12 21 22 26 29 31数量：1

组合：1 2 3 10 17 19 21 27数量：1

组合：2 3 12 13 15 19 22 23数量：1

组合：1 6 10 19 19 26 29 32数量：1

组合：5 6 11 15 17 23 26 30数量：1

组合：3 7 13 14 15 25 28 29数量：1

组合：6 13 16 17 24 27 31 32数量：1

组合：3 14 16 18 18 23 29 30数量：1

组合：6 16 17 19 22 30 32 33数量：1

组合：3 9 12 13 16 18 19 32数量：1

组合：3 9 15 24 25 28 28 32数量：1

组合：4 4 7 7 14 17 22 32数量：1

组合：1 12 22 26 27 27 29 32数量：1

组合：2 2 3 4 6 9 22 25数量：1

组合：1 7 13 18 20 24 26 31数量：1

组合：2 3 9 12 13 15 19 23数量：1

组合：2 7 11 12 23 24 25 26数量：2

组合：1 3 6 8 8 10 12 23数量：1

组合：4 5 14 16 19 21 23 29数量：1

组合：1 1 4 6 7 17 21 30数量：1

组合：1 9 14 19 21 25 26 31数量：1

组合：2 7 10 16 18 27 29 30数量：2

组合：1 7 13 15 18 18 20 31数量：1

组合：3 4 5 6 9 10 15 23数量：1

组合：1 2 5 6 8 12 22 32数量：1

组合：5 8 8 9 12 21 22 32数量：1

组合：2 9 12 22 25 29 29 31数量：2

组合：2 3 8 11 19 23 25 30数量：1

组合：2 3 8 11 22 23 25 30数量：1

组合：5 12 15 17 18 23 27 31数量：1

组合：10 15 15 18 19 20 21 30数量：1

组合：8 10 11 16 18 26 26 32数量：1

组合：13 18 20 23 24 25 26 27数量：1

组合：5 9 15 25 27 29 30 33数量：1

组合：4 5 6 7 10 14 15 28数量：1

组合：7 15 19 22 24 26 30 30数量：1

组合：2 4 5 8 13 17 24 31数量：1

组合：1 3 6 8 8 12 21 23数量：1

组合：14 16 18 18 23 26 29 30数量：1

组合：9 10 11 16 18 26 26 32数量：1

组合：19 19 20 23 26 29 31 32数量：1

组合：2 4 5 7 15 17 25 26数量：1

组合：7 9 15 19 24 24 25 28数量：1

组合：1 7 15 18 18 20 21 31数量：1

组合：3 7 8 11 12 13 24 25数量：1

组合：2 5 26 28 29 30 31 31数量：1

组合：4 8 9 16 21 28 31 32数量：1

组合：4 6 9 17 18 24 29 31数量：1

组合：4 5 14 16 21 23 27 29数量：1

组合：7 11 14 21 22 22 23 29数量：1

组合：2 5 12 19 21 22 23 25数量：1

组合：2 7 10 17 19 21 25 29数量：1

组合：2 7 11 11 12 23 25 26数量：1

组合：2 9 10 20 26 28 29 31数量：1

组合：3 10 14 17 18 19 21 23数量：1

组合：7 10 15 19 24 26 30 30数量：1

组合：1 6 13 17 19 21 24 27数量：1

组合：6 11 12 17 24 25 30 32数量：1

组合：2 4 6 12 13 18 19 31数量：1

组合：2 4 5 7 17 18 25 26数量：1

组合：1 2 3 9 13 18 27 29数量：2

组合：5 9 9 13 14 15 24 25数量：1

组合：6 10 11 14 17 25 26 27数量：1

组合：10 11 17 18 22 22 23 27数量：1

组合：1 3 6 13 19 21 24 27数量：1

组合：19 19 20 22 23 26 31 32数量：1

组合：1 6 7 12 13 22 24 25数量：1

组合：4 7 8 14 19 24 29 29数量：1

组合：2 5 19 21 22 23 25 32数量：1

组合：11 17 20 23 24 26 29 32数量：1

组合：1 3 6 8 10 12 21 23数量：2

组合：8 8 9 12 17 20 28 31数量：1

组合：1 11 16 21 22 23 29 33数量：1

组合：10 14 15 21 25 27 28 29数量：2

组合：2 4 5 8 13 24 25 31数量：1

组合：1 2 6 15 18 24 25 29数量：1

组合：3 14 18 18 23 26 29 30数量：1

组合：5 7 9 9 14 15 24 25数量：1

组合：9 10 11 14 19 23 24 25数量：1

组合：4 5 13 14 17 23 25 32数量：1

组合：10 13 15 16 17 26 27 31数量：2

组合：1 5 12 13 15 15 20 31数量：1

组合：9 10 12 17 29 30 30 32数量：1

组合：10 18 26 27 29 30 32 33数量：2

组合：2 5 7 10 14 16 20 31数量：1

组合：2 13 16 17 21 25 31 32数量：1

组合：10 11 17 18 21 22 23 27数量：2

组合：4 7 8 14 19 24 29 31数量：2

组合：1 7 13 15 18 18 21 31数量：1

组合：1 2 5 6 13 15 16 31数量：1

组合：5 8 9 10 17 22 23 26数量：1

组合：7 11 14 15 23 24 26 27数量：2

组合：3 9 12 13 15 19 22 23数量：1

组合：4 21 24 26 27 28 30 32数量：1

组合：5 11 14 17 22 27 28 28数量：1

组合：1 4 6 9 17 18 24 29数量：1

组合：4 7 11 14 21 22 24 28数量：1

组合：10 13 14 16 18 19 21 30数量：1

组合：4 9 10 11 19 23 24 25数量：1

组合：4 10 11 14 19 23 24 25数量：1

组合：1 2 6 6 19 21 25 28数量：1

组合：4 21 24 26 27 28 29 30数量：1

组合：1 3 21 22 25 26 29 31数量：1

组合：6 8 9 11 12 15 17 27数量：1

组合：4 7 8 19 24 29 29 31数量：1

组合：2 4 6 10 10 14 18 26数量：2

组合：23 28 30 31 32 32 33 33数量：1

组合：7 11 14 15 23 23 26 27数量：1

组合：4 5 8 9 10 13 14 18数量：1

组合：1 4 6 9 18 24 29 31数量：1

组合：11 12 14 15 19 25 29 31数量：1

组合：1 2 6 10 17 19 21 27数量：1

组合：1 2 8 11 17 25 27 29数量：2

组合：4 9 16 17 25 26 29 30数量：1

组合：2 3 12 13 15 18 19 32数量：1

组合：3 4 7 13 14 20 23 24数量：1

组合：1 9 10 13 15 16 20 30数量：1

组合：5 9 15 20 25 27 30 33数量：1

组合：6 7 8 11 13 23 24 25数量：1

组合：1 12 14 15 16 17 27 28数量：2

组合：6 11 14 18 21 24 27 29数量：1

组合：2 3 22 24 26 29 30 32数量：1

组合：1 2 11 21 22 23 29 33数量：1

组合：2 6 8 12 15 15 18 30数量：1

组合：1 5 12 15 17 18 23 31数量：1

组合：2 5 7 14 15 17 30 32数量：1

组合：7 10 21 22 23 25 27 32数量：1

组合：4 5 6 20 21 22 25 25数量：1

组合：5 10 12 15 19 19 25 29数量：1

组合：3 8 16 17 20 21 22 27数量：1

组合：1 12 14 15 15 16 27 28数量：1

组合：3 3 5 9 13 20 22 32数量：1

组合：2 6 8 22 24 25 26 27数量：1

组合：3 10 14 15 17 19 21 23数量：1

组合：1 4 8 11 13 17 24 25数量：1

组合：2 3 6 10 17 19 21 27数量：1

组合：2 7 10 23 25 26 26 27数量：1

组合：7 10 16 21 22 23 25 32数量：1

组合：1 2 5 12 13 15 18 29数量：1

组合：2 2 6 8 10 12 15 26数量：1

组合：2 3 7 11 11 14 23 28数量：1

组合：2 2 6 10 12 15 26 29数量：1

组合：3 4 5 7 9 12 21 26数量：1

组合：3 8 17 20 21 22 27 30数量：1

组合：6 7 8 11 13 24 25 30数量：1

组合：2 3 22 25 26 29 30 32数量：1

组合：6 7 10 14 15 25 26 27数量：1

组合：4 5 6 15 20 21 25 25数量：1

组合：1 10 19 24 25 26 26 30数量：1

组合：1 2 15 18 24 25 29 32数量：1

组合：4 16 17 20 25 26 29 30数量：1

组合：9 12 20 21 23 26 28 29数量：1

组合：5 11 12 14 15 19 25 31数量：1

组合：1 2 5 6 13 15 25 31数量：1

组合：1 6 10 19 25 26 26 30数量：1

组合：4 4 7 7 13 14 17 22数量：1

组合：5 8 9 11 11 17 17 20数量：1

组合：6 8 10 13 19 20 21 30数量：2

组合：7 10 16 21 23 25 27 32数量：1

组合：3 6 7 17 20 23 29 32数量：1

组合：11 17 20 22 23 26 29 32数量：1

组合：7 12 20 22 24 27 30 31数量：1

组合：3 4 7 13 14 25 28 29数量：1

组合：2 6 7 8 15 15 18 30数量：1

组合：9 14 16 22 22 27 28 28数量：1

组合：11 17 20 22 24 26 29 32数量：1

组合：5 9 10 17 20 22 23 26数量：1

组合：2 3 8 19 22 23 25 30数量：1

组合：1 3 6 13 17 19 21 27数量：1

组合：7 14 23 24 25 26 26 29数量：1

组合：2 5 23 28 29 30 31 31数量：1

组合：2 5 23 26 28 29 31 31数量：1

组合：2 13 17 19 21 25 31 32数量：1

组合：2 7 10 25 26 26 27 32数量：1

组合：5 7 17 24 25 25 28 29数量：1

组合：2 5 7 12 16 22 25 27数量：1

组合：4 24 26 27 28 29 30 32数量：1

组合：16 17 19 22 25 30 32 33数量：1

组合：9 14 22 22 25 27 28 28数量：1

组合：2 7 10 14 15 17 30 32数量：1

组合：7 7 13 16 19 21 22 31数量：1

组合：1 3 8 11 19 22 23 27数量：1

组合：10 12 17 24 29 30 30 32数量：1

组合：1 4 6 9 17 24 29 31数量：1

组合：1 4 17 18 21 22 27 31数量：1

组合：2 5 6 8 17 20 25 26数量：1

组合：8 8 9 17 19 20 28 31数量：1

组合：1 11 13 18 20 24 26 31数量：1

组合：1 2 9 13 18 18 27 29数量：1

组合：1 3 7 19 25 28 31 31数量：1

组合：2 5 8 13 17 24 25 31数量：1

组合：2 3 22 24 25 29 30 32数量：1

组合：2 7 11 11 12 23 24 26数量：1

组合：1 6 10 19 19 23 26 32数量：1

组合：10 15 20 26 27 29 30 32数量：1

组合：10 15 15 17 18 20 21 30数量：1

组合：12 13 13 22 24 29 30 31数量：1

组合：9 15 16 17 20 21 23 26数量：1

组合：2 7 12 16 22 25 26 27数量：1

组合：1 2 5 6 8 10 22 32数量：1

组合：6 7 9 11 20 21 22 26数量：1

组合：6 7 8 11 13 23 24 30数量：1

组合：1 3 5 7 10 11 30 33数量：1

组合：5 8 9 16 18 26 30 32数量：1

组合：5 7 12 13 17 20 22 23数量：1

组合：2 16 17 19 21 25 31 32数量：1

组合：7 7 11 11 12 19 20 21数量：1

组合：5 7 16 17 25 25 28 29数量：1

组合：4 7 11 21 22 24 28 29数量：1

组合：1 8 12 20 21 23 24 24数量：1

组合：11 17 20 22 23 24 26 32数量：1

组合：4 9 11 14 19 23 24 25数量：1

组合：4 5 6 15 21 22 25 25数量：1

组合：2 4 5 7 15 17 18 26数量：1

组合：3 4 4 5 6 10 13 30数量：1

组合：1 2 3 4 17 26 30 31数量：1

组合：4 5 8 9 16 18 26 30数量：1

组合：1 12 14 15 15 16 17 28数量：1

组合：7 8 13 18 22 30 31 32数量：1

组合：2 5 6 9 9 19 23 27数量：2

组合：2 3 8 18 24 25 27 32数量：1

组合：8 12 13 16 18 19 26 31数量：2

组合：1 9 10 13 15 16 20 29数量：1

组合：1 2 3 6 10 19 21 27数量：1

组合：1 12 18 19 24 28 29 32数量：1

组合：1 3 7 19 25 28 30 31数量：2

组合：1 7 12 20 22 24 27 31数量：1

组合：1 6 11 12 12 18 25 29数量：2

组合：9 10 12 17 24 29 30 30数量：1

组合：5 7 10 12 15 19 19 29数量：1

组合：1 2 5 7 12 13 18 29数量：1

组合：6 8 10 13 19 20 20 30数量：1

组合：2 3 13 15 18 19 20 32数量：1

组合：1 4 11 13 17 24 25 30数量：1

组合：12 14 15 15 16 17 27 28数量：1

组合：2 4 5 6 9 10 15 23数量：1

组合：1 2 2 4 8 9 19 28数量：2

组合：1 1 5 13 17 22 24 32数量：1

组合：2 5 7 12 16 25 26 27数量：1

组合：9 15 16 17 20 23 26 32数量：1

组合：7 8 11 13 18 19 22 23数量：1

组合：1 5 6 7 9 18 21 31数量：2

组合：4 21 24 26 27 29 30 32数量：1

组合：3 4 15 16 20 25 26 27数量：1

组合：23 27 28 30 31 32 33 33数量：2

组合：11 13 19 23 24 27 32 32数量：1

组合：2 5 23 26 28 29 30 31数量：2

组合：6 10 19 19 23 26 29 32数量：1

组合：6 7 7 13 16 19 21 31数量：1

组合：8 12 20 21 23 24 24 32数量：1

组合：8 12 19 21 22 23 30 32数量：1

组合：10 12 13 14 16 18 21 30数量：1

组合：2 10 10 19 20 21 26 31数量：1

组合：1 12 24 26 27 27 29 32数量：1

组合：3 8 11 19 22 23 25 30数量：1

组合：6 8 10 14 15 25 26 27数量：1

组合：1 6 9 19 21 24 26 27数量：1

组合：7 9 15 18 19 24 25 28数量：2

组合：5 7 8 10 18 27 29 32数量：1

组合：1 8 12 21 23 24 24 32数量：1

组合：4 5 11 17 22 27 28 28数量：1

组合：3 4 5 6 7 10 14 28数量：1

组合：6 9 10 20 26 28 29 31数量：1

组合：2 3 6 8 12 13 19 24数量：1

组合：1 10 10 16 18 22 25 28数量：1

组合：1 10 10 16 18 25 28 31数量：1

组合：1 2 8 8 11 17 25 29数量：1

组合：5 7 9 9 13 14 15 25数量：1

组合：1 2 4 4 9 12 13 16数量：1

组合：5 5 9 13 20 24 29 31数量：1

组合：1 7 11 15 23 24 25 29数量：1

组合：1 1 4 6 7 17 29 30数量：1

组合：7 10 15 19 22 26 30 30数量：1

组合：1 12 21 22 25 26 29 31数量：1

组合：8 9 11 18 20 20 27 30数量：1

组合：1 1 3 5 13 17 22 24数量：1

组合：4 8 14 19 24 29 29 31数量：1

组合：2 6 7 8 16 19 24 32数量：2

组合：4 9 10 11 14 19 23 24数量：1

组合：4 5 5 7 7 9 19 20数量：1

组合：6 8 15 16 19 22 23 28数量：1

组合：2 2 3 4 6 9 25 26数量：1

组合：12 22 24 26 27 27 29 32数量：1

组合：1 3 6 13 17 19 24 27数量：1

组合：1 2 6 8 19 22 23 27数量：1

组合：5 6 15 17 23 26 30 32数量：1

组合：1 3 12 21 25 26 29 31数量：1

组合：1 3 5 10 11 22 30 33数量：1

组合：3 13 18 20 23 24 25 26数量：1

组合：2 14 14 15 18 18 22 26数量：1

组合：5 6 8 9 11 11 17 20数量：2

组合：2 6 15 18 24 25 29 32数量：1

组合：1 3 4 8 19 22 23 27数量：1

组合：1 3 12 21 22 25 26 29数量：1

组合：1 6 7 13 14 22 24 25数量：1

组合：2 2 3 4 8 9 14 20数量：1

组合：1 7 16 20 24 26 30 32数量：1

组合：10 15 18 20 26 27 29 32数量：1

组合：2 2 5 6 13 17 19 20数量：1

组合：3 7 17 20 23 27 29 32数量：1

组合：2 4 5 6 16 24 24 25数量：1

组合：2 3 4 5 8 9 14 20数量：2

组合：2 5 8 10 14 16 20 31数量：1

组合：2 6 9 9 19 19 23 27数量：1

组合：6 11 15 17 23 26 30 32数量：1

组合：2 3 4 11 17 21 25 31数量：1

组合：11 15 21 21 29 29 31 32数量：1

组合：6 7 8 14 15 25 26 27数量：1

组合：1 2 6 9 21 24 26 27数量：1

组合：7 16 21 22 23 25 27 32数量：1

组合：1 2 3 9 13 18 18 27数量：1

组合：3 3 5 6 9 20 22 32数量：1

组合：1 1 4 5 5 17 18 22数量：1

组合：1 12 22 24 26 27 29 32数量：2

组合：5 6 9 9 19 19 23 27数量：1

组合：6 8 9 11 15 17 21 27数量：1

组合：4 8 9 11 18 20 27 30数量：2

组合：7 10 15 19 22 24 30 30数量：1

组合：5 7 10 12 15 19 25 29数量：2

组合：5 8 8 9 12 22 30 32数量：1

组合：2 5 6 7 8 12 19 27数量：1

组合：3 8 13 14 16 20 21 22数量：1

组合：1 10 13 15 16 20 29 30数量：1

组合：2 5 7 15 17 18 25 26数量：1

组合：6 16 17 22 25 30 32 33数量：1

组合：7 16 17 24 25 25 28 29数量：1

组合：1 2 9 17 18 19 24 25数量：1

组合：10 11 13 19 23 27 32 32数量：1

组合：1 7 11 14 15 23 25 29数量：1

组合：1 3 12 21 22 25 26 31数量：1

组合：5 5 13 20 23 24 29 31数量：1

组合：2 9 11 17 17 21 24 32数量：1

组合：9 12 16 20 23 26 28 29数量：1

组合：5 6 8 9 11 11 17 17数量：1

组合：1 4 8 11 17 24 25 30数量：1

组合：1 12 15 17 18 23 27 31数量：1

组合：7 7 8 9 10 14 22 30数量：1

组合：7 15 20 22 24 28 29 31数量：1

组合：2 5 6 13 16 17 19 20数量：2

组合：2 3 7 8 24 25 27 32数量：1

组合：3 7 9 15 24 25 28 28数量：1

组合：7 10 15 22 24 26 30 30数量：1

组合：9 12 22 25 29 29 31 31数量：1

组合：1 5 15 17 18 23 27 31数量：1

组合：2 3 9 12 15 19 22 23数量：1

组合：3 7 8 11 13 18 24 25数量：1

组合：1 3 7 14 24 29 30 32数量：2

组合：2 7 9 10 14 15 26 28数量：2

组合：4 7 11 14 22 24 28 29数量：1

组合：8 8 9 12 19 20 28 31数量：1

组合：1 9 10 15 16 20 29 30数量：1

组合：14 23 24 25 26 26 28 29数量：1

组合：4 4 7 7 13 17 22 32数量：1

组合：2 6 8 22 24 25 26 32数量：1

组合：7 7 8 9 10 22 29 30数量：1

组合：4 7 14 21 22 24 28 29数量：1

组合：1 8 20 21 23 24 24 32数量：1

组合：1 1 5 5 17 18 22 29数量：1

组合：2 6 8 24 25 26 27 32数量：1

组合：8 17 19 24 26 30 31 32数量：1

组合：2 7 9 10 10 14 15 26数量：1

组合：2 3 12 13 18 19 20 32数量：1

组合：10 15 15 17 18 19 20 30数量：1

组合：5 8 9 17 20 22 23 26数量：1

组合：2 12 13 15 18 19 20 32数量：1

组合：7 8 12 19 21 22 23 32数量：1

组合：4 6 19 20 21 22 26 30数量：1

组合：1 2 6 13 15 16 25 31数量：1

组合：3 8 11 12 13 18 24 25数量：1

组合：1 4 5 7 8 14 18 19数量：1

组合：2 3 4 6 9 10 15 23数量：1

组合：1 2 11 16 22 23 29 33数量：1

组合：2 7 8 12 15 15 18 30数量：1

组合：3 4 5 9 12 18 21 26数量：1

组合：4 7 7 13 14 17 22 32数量：2

组合：3 8 16 17 21 22 27 30数量：1

组合：9 14 14 15 18 18 22 26数量：1

组合：2 5 6 8 14 17 20 26数量：1

组合：6 16 19 22 25 30 32 33数量：1

组合：4 7 7 11 11 12 19 20数量：1

组合：8 14 15 16 19 22 23 28数量：1

组合：4 11 14 21 22 24 28 29数量：1

组合：2 4 5 6 8 16 24 24数量：1

组合：3 12 21 22 25 26 29 31数量：1

组合：13 15 16 17 26 26 27 31数量：1

组合：5 6 10 12 15 16 21 23数量：1

组合：8 8 9 12 21 22 30 32数量：1

组合：2 6 8 14 17 20 25 26数量：1

组合：3 4 8 9 16 21 28 31数量：1

组合：2 5 12 16 22 25 26 27数量：1

组合：1 2 6 15 24 25 29 32数量：1

组合：6 9 11 12 15 17 21 27数量：1

组合：10 13 15 16 17 26 26 31数量：1

组合：2 5 7 8 14 16 20 31数量：1

组合：10 12 18 21 22 23 26 27数量：1

组合：3 4 7 12 13 20 23 24数量：1

组合：1 3 14 24 29 29 30 32数量：1

组合：4 9 10 14 19 23 24 25数量：1

组合：5 8 9 10 20 22 23 26数量：1

组合：1 2 9 17 18 19 25 32数量：1

组合：2 3 8 15 15 17 20 22数量：1

组合：3 8 14 17 20 26 29 29数量：1

组合：12 16 20 21 23 26 28 29数量：1

组合：8 9 10 16 18 26 26 32数量：1

组合：3 4 7 13 14 15 25 28数量：1

组合：9 10 12 18 21 23 26 27数量：1

组合：6 13 16 17 26 27 31 32数量：1

组合：5 7 12 13 17 22 23 30数量：1

组合：2 3 4 9 14 18 24 30数量：1

组合：1 3 7 10 11 22 30 33数量：1

组合：3 4 7 9 12 18 21 26数量：1

组合：13 16 17 24 26 27 31 32数量：1

组合：3 7 19 25 28 30 31 31数量：1

组合：9 12 17 24 29 30 30 32数量：1

组合：8 8 9 12 17 19 28 31数量：1

组合：1 12 22 24 26 27 27 32数量：1

组合：7 15 22 24 27 28 29 31数量：1

组合：2 3 22 24 25 26 30 32数量：1

组合：4 5 14 16 19 21 27 29数量：1

组合：1 2 5 6 10 12 22 32数量：1

组合：10 11 17 21 22 22 23 27数量：1

组合：5 15 20 25 27 29 30 33数量：1

组合：7 8 19 21 22 23 30 32数量：1

组合：3 8 16 17 20 22 27 30数量：1

组合：5 6 11 15 17 23 30 32数量：1

组合：6 13 17 24 26 27 31 32数量：1

组合：2 6 9 10 26 28 29 31数量：1

组合：9 12 16 20 21 23 28 29数量：1

组合：6 8 11 12 15 17 21 27数量：1

组合：3 7 8 12 13 18 24 25数量：1

组合：10 10 11 15 16 17 19 26数量：1

组合：2 3 8 13 16 18 22 25数量：2

组合：2 3 24 25 26 29 30 32数量：1

组合：1 6 7 12 13 14 22 24数量：1

组合：5 8 9 10 13 14 18 24数量：1

组合：3 6 14 18 20 20 24 25数量：1

组合：7 9 11 20 21 22 25 26数量：1

组合：1 3 3 7 11 18 19 21数量：1

组合：1 6 10 19 24 25 26 26数量：1

组合：2 7 10 17 21 22 25 29数量：1

组合：2 8 11 19 22 23 25 30数量：1

组合：7 8 9 10 12 23 27 30数量：1

组合：7 15 20 22 24 27 28 31数量：1

组合：2 2 3 4 6 9 22 26数量：1

组合：10 15 18 20 26 27 30 32数量：1

组合：6 10 19 24 25 26 26 30数量：1

组合：3 4 9 16 21 28 31 32数量：1

组合：5 16 22 24 25 28 31 32数量：2

组合：1 4 12 16 17 21 25 30数量：1

组合：2 7 10 23 25 26 26 32数量：1

组合：10 12 13 13 24 29 30 31数量：1

组合：5 8 9 10 17 20 22 23数量：1

组合：2 3 11 13 13 15 18 25数量：1

组合：6 10 12 15 16 21 23 29数量：1

组合：5 5 9 13 20 23 24 31数量：1

组合：3 8 17 20 24 26 29 29数量：1

组合：2 5 6 8 10 12 22 32数量：1

组合：1 9 17 18 19 24 25 32数量：1

组合：7 7 8 9 10 14 22 29数量：1

组合：4 9 13 17 22 27 30 32数量：1

组合：2 7 10 12 19 22 23 31数量：1

组合：4 5 5 7 9 18 19 20数量：2

组合：1 5 6 8 19 22 23 27数量：1

组合：1 1 4 6 7 21 29 30数量：1

组合：9 10 12 21 22 23 26 27数量：1

组合：5 7 12 13 17 20 22 30数量：1

组合：1 12 15 15 16 17 27 28数量：1

组合：2 6 7 7 8 19 24 32数量：1

组合：7 8 10 18 27 29 30 32数量：1

组合：1 7 20 22 24 27 30 31数量：1

组合：4 5 11 14 17 22 27 28数量：2

组合：1 4 5 7 8 14 17 18数量：1

组合：2 9 12 25 29 29 31 31数量：1

组合：1 7 11 14 23 24 25 29数量：1

组合：1 7 12 13 14 22 24 25数量：1

组合：4 7 7 11 12 19 20 21数量：2

组合：8 10 10 11 16 17 19 26数量：1

组合：14 14 15 21 25 27 28 29数量：1

组合：3 7 9 15 25 28 28 32数量：1

组合：5 7 12 13 20 22 23 30数量：1

组合：2 6 7 8 12 15 18 30数量：2

组合：1 6 6 11 12 18 25 29数量：2

组合：2 6 7 7 16 19 24 32数量：1

组合：6 7 11 13 23 24 25 30数量：1

组合：7 7 8 10 14 22 29 30数量：1

组合：2 7 10 16 27 29 29 30数量：1

组合：8 14 15 21 22 29 30 31数量：1

组合：8 14 15 18 21 29 30 31数量：1

组合：10 18 27 29 30 32 32 33数量：1

组合：1 3 3 6 11 18 19 21数量：1

组合：2 5 12 19 22 23 25 32数量：1

组合：3 6 7 17 20 23 27 32数量：1

组合：6 8 10 13 20 20 21 30数量：1

组合：3 11 15 21 21 29 31 32数量：2

组合：1 7 16 20 24 26 27 30数量：1

组合：10 11 18 21 22 22 23 27数量：1

组合：4 10 14 20 24 26 29 30数量：1

组合：1 12 16 19 24 28 29 32数量：1

组合：5 9 15 20 25 27 29 33数量：1

组合：3 4 4 5 6 13 21 30数量：1

组合：10 18 26 27 29 30 32 32数量：1

组合：4 11 13 17 22 27 30 32数量：1

组合：2 3 12 13 13 15 18 25数量：1

组合：3 13 18 23 24 25 26 27数量：1

组合：1 4 8 12 17 21 25 30数量：1

组合：1 3 7 19 28 30 31 31数量：1

组合：1 12 14 15 15 16 17 27数量：1

组合：1 5 12 15 17 18 23 27数量：1

组合：5 11 15 17 23 26 30 32数量：1

组合：1 2 6 6 17 19 25 28数量：1

组合：10 15 16 17 26 26 27 31数量：1

组合：1 2 9 19 21 24 26 27数量：1

组合：3 8 8 13 16 18 22 25数量：1

组合：2 13 16 17 19 21 25 32数量：1

组合：4 6 15 20 21 22 25 25数量：1

组合：6 7 8 12 15 15 18 30数量：1

组合：7 8 10 14 15 25 26 27数量：1

组合：5 7 8 10 27 29 30 32数量：1

组合：1 4 11 17 24 24 30 32数量：2

组合：7 8 18 21 22 30 31 32数量：1

组合：1 4 5 12 22 25 29 29数量：1

组合：10 11 13 19 23 24 27 32数量：2

组合：1 6 11 14 18 21 24 29数量：1

组合：8 15 19 24 27 27 28 28数量：1

组合：4 7 7 11 11 12 20 21数量：1

组合：2 2 8 10 12 15 26 29数量：1

组合：4 9 16 17 20 25 26 29数量：1

组合：2 8 8 11 17 25 27 29数量：1

组合：3 4 5 6 7 10 15 28数量：1

组合：2 9 11 17 17 21 24 26数量：1

组合：1 4 6 9 17 18 24 31数量：1

组合：2 5 7 12 16 22 26 27数量：1

组合：4 5 7 9 12 18 21 26数量：1

组合：6 7 9 11 21 22 25 26数量：1

组合：5 9 13 20 23 24 29 31数量：2

组合：1 5 7 12 13 15 18 29数量：1

组合：1 2 3 3 4 5 10 15数量：1

组合：2 9 10 19 20 21 26 31数量：2

组合：6 11 12 17 24 25 29 32数量：1

组合：4 11 17 17 24 24 30 32数量：1

组合：5 16 22 22 25 28 31 32数量：1

组合：6 7 8 11 13 23 25 30数量：1

组合：7 12 13 17 20 22 23 30数量：1

组合：2 9 10 10 14 15 26 28数量：1

组合：2 10 12 13 14 14 21 21数量：1

组合：4 5 7 8 14 17 18 19数量：1

组合：1 4 11 17 17 24 24 32数量：1

组合：8 12 17 24 26 30 31 32数量：1

组合：2 2 3 4 5 8 9 14数量：1

组合：1 2 11 16 21 22 29 33数量：1

组合：8 14 15 18 22 29 30 31数量：1

组合：6 7 8 11 23 24 25 30数量：1

组合：4 7 8 14 24 29 29 31数量：1

组合：2 7 7 8 16 19 24 32数量：1

组合：7 20 22 24 27 28 29 31数量：1

组合：7 7 8 9 14 22 29 30数量：1

组合：1 9 10 13 16 20 29 30数量：1

组合：3 14 16 18 18 26 29 30数量：1

组合：7 11 14 21 22 24 28 29数量：1

组合：1 7 12 20 22 27 30 31数量：1

组合：10 12 13 16 18 19 21 30数量：1

组合：2 6 6 17 19 21 25 28数量：1

组合：4 7 11 14 21 22 24 29数量：1

组合：2 3 9 13 18 18 27 29数量：1

组合：1 8 10 12 15 18 24 27数量：1

组合：4 7 12 13 14 20 23 24数量：1

组合：2 6 9 10 20 26 29 31数量：1

组合：1 4 5 12 22 23 29 29数量：1

组合：7 8 14 19 24 29 29 31数量：1

组合：14 17 19 24 26 28 28 30数量：1

组合：23 27 30 31 32 32 33 33数量：1

组合：1 7 16 20 26 27 30 32数量：1

组合：2 9 17 17 21 24 26 32数量：1

组合：1 1 3 13 17 22 24 32数量：1

组合：7 8 11 12 13 18 24 25数量：1

组合：1 4 11 13 20 21 26 27数量：1

组合：2 5 7 8 10 16 20 31数量：1

组合：2 3 4 17 26 27 30 31数量：1

组合：2 5 6 7 8 12 24 27数量：1

组合：11 12 17 24 25 29 30 32数量：1

组合：2 9 14 14 15 18 18 22数量：1

组合：7 11 14 22 22 23 27 29数量：1

组合：5 11 12 14 15 19 25 29数量：1

组合：1 7 13 18 18 20 21 31数量：1

组合：2 3 11 12 13 13 15 18数量：1

组合：1 14 15 15 16 17 27 28数量：1

组合：1 3 6 10 17 19 21 27数量：1

组合：3 13 17 18 21 27 27 32数量：1

组合：5 16 22 22 24 28 31 32数量：1

组合：4 6 14 19 20 21 22 26数量：1

组合：8 14 15 18 21 22 29 30数量：1

组合：3 3 6 7 11 18 19 21数量：1

组合：2 7 11 11 12 23 24 25数量：1

组合：1 7 11 13 18 20 24 26数量：1

组合：1 8 10 12 15 18 20 24数量：1

组合：7 8 13 18 21 22 30 31数量：1

组合：14 15 18 21 22 29 30 31数量：1

组合：6 8 10 11 17 25 26 27数量：1

组合：5 9 15 20 27 29 30 33数量：1

组合：1 2 7 8 11 16 17 27数量：1

组合：3 4 8 9 16 21 31 32数量：1

组合：2 3 22 24 25 26 29 32数量：1

组合：2 9 10 10 19 20 26 31数量：1

组合：4 8 9 10 13 14 18 24数量：1

组合：1 2 3 9 18 18 27 29数量：1

组合：7 10 16 21 22 23 27 32数量：1

组合：1 7 19 25 28 30 31 31数量：1

组合：3 9 12 13 16 18 24 32数量：1

组合：10 16 21 22 23 25 27 32数量：1

组合：5 7 16 24 25 25 28 29数量：1

组合：5 7 8 18 27 29 30 32数量：1

组合：2 6 9 10 20 26 28 29数量：1

组合：1 4 8 12 16 17 21 30数量：1

组合：3 13 18 19 21 27 27 32数量：1

组合：4 5 14 16 19 23 27 29数量：1

组合：1 2 5 6 8 10 12 22数量：1

组合：3 3 6 9 13 20 22 32数量：1

组合：2 6 22 24 25 26 27 32数量：1

组合：3 10 14 15 17 18 19 21数量：1

组合：5 7 12 15 19 19 25 29数量：1

组合：6 8 14 15 19 22 23 28数量：1

组合：2 3 7 9 9 13 23 25数量：1

组合：1 6 11 14 18 21 27 29数量：1

组合：6 16 17 19 22 25 30 32数量：1

组合：8 10 10 11 15 16 17 26数量：1

组合：3 4 12 13 14 20 23 24数量：1

组合：2 5 12 19 21 22 25 32数量：1

组合：1 7 8 9 10 12 23 30数量：1

组合：3 13 18 20 23 24 26 27数量：1

组合：4 9 11 18 20 20 27 30数量：1

组合：3 10 14 15 18 19 21 23数量：1

组合：1 3 6 13 17 19 21 24数量：1

组合：2 5 6 13 15 16 25 31数量：1

组合：4 5 8 9 10 13 14 24数量：1

组合：1 5 12 15 17 18 27 31数量：1

组合：1 2 5 6 8 10 12 32数量：1

组合：1 8 12 20 23 24 24 32数量：1

组合：5 9 24 27 30 31 32 33数量：1

组合：1 3 5 7 10 11 22 33数量：1

组合：8 8 9 12 17 19 20 28数量：1

组合：2 5 6 9 9 19 19 27数量：1

组合：2 4 8 9 14 18 24 30数量：1

组合：2 4 6 11 12 13 18 19数量：1

组合：8 12 13 16 18 26 26 31数量：1

组合：9 10 17 24 29 30 30 32数量：1

组合：6 7 7 13 16 19 22 31数量：1

组合：3 6 7 20 23 27 29 32数量：1

组合：5 11 12 14 15 25 29 31数量：1

组合：3 6 7 17 20 27 29 32数量：1

组合：6 8 10 11 14 17 26 27数量：1

组合：6 7 8 10 15 25 26 27数量：1

组合：2 7 10 23 25 26 27 32数量：2

组合：2 7 17 19 21 22 25 29数量：1

组合：1 7 11 18 20 24 26 31数量：1

组合：1 7 20 24 26 27 30 32数量：1

组合：5 9 20 25 27 29 30 33数量：1

组合：1 3 3 6 7 11 18 21数量：1

组合：2 7 10 12 19 22 23 25数量：1

组合：7 8 13 18 21 22 31 32数量：1

组合：1 4 11 13 20 21 26 32数量：1

组合：2 7 9 10 10 15 26 28数量：1

组合：7 14 23 25 26 26 28 29数量：1

组合：1 3 5 7 10 22 30 33数量：1

组合：2 9 17 18 19 24 25 32数量：1

组合：5 8 9 12 21 22 30 32数量：2

组合：6 8 14 15 16 19 22 23数量：1

组合：3 4 5 6 7 14 15 28数量：1

组合：10 14 14 15 21 27 28 29数量：1

组合：7 14 15 23 23 24 26 27数量：1

组合：1 5 12 15 18 23 27 31数量：1

组合：1 2 5 7 12 15 18 29数量：1

组合：2 6 8 12 13 19 24 27数量：1

组合：4 8 11 13 17 24 25 30数量：1

组合：1 4 11 13 21 26 27 32数量：1

组合：2 3 6 8 12 19 24 27数量：1

组合：4 4 6 10 10 14 18 26数量：1

组合：1 2 5 6 13 15 16 25数量：1

组合：6 8 9 11 12 15 17 21数量：1

组合：8 12 17 19 24 30 31 32数量：1

组合：2 2 3 4 9 22 25 26数量：1

组合：3 4 5 6 10 13 21 30数量：2

组合：4 8 10 14 17 19 21 25数量：1

组合：8 9 11 16 18 26 26 32数量：1

组合：7 11 11 12 23 24 25 26数量：1

组合：1 2 7 8 14 16 17 27数量：1

组合：2 5 7 8 10 14 20 31数量：1

组合：19 20 22 23 26 29 31 32数量：2

组合：4 7 11 11 12 19 20 21数量：2

组合：5 13 14 17 23 25 26 32数量：1

组合：7 16 20 24 26 27 30 32数量：1

组合：3 7 8 11 12 13 18 24数量：1

组合：8 9 12 17 19 20 28 31数量：2

组合：4 9 10 11 14 19 23 25数量：1

组合：2 5 6 7 8 19 24 27数量：1

组合：2 10 13 14 14 21 21 26数量：1

组合：2 11 14 16 16 17 22 32数量：1

组合：2 4 5 7 15 18 25 26数量：1

组合：2 13 16 17 19 21 31 32数量：1

组合：4 5 7 15 17 18 25 26数量：1

组合：12 16 18 19 24 28 29 32数量：1

组合：1 4 8 12 16 17 21 25数量：1

组合：8 15 19 23 24 27 28 28数量：2

组合：9 11 13 17 22 27 30 32数量：1

组合：2 11 17 17 21 24 26 32数量：1

组合：2 3 4 8 14 18 24 30数量：1

组合：8 8 12 17 19 20 28 31数量：1

组合：5 6 8 9 11 17 17 20数量：2

组合：2 2 3 4 5 9 14 20数量：1

组合：4 10 20 24 25 26 29 30数量：1

组合：1 9 11 19 21 25 26 31数量：1

组合：2 4 5 8 16 24 24 25数量：1

组合：4 6 14 19 21 22 26 30数量：1

组合：3 13 18 20 23 25 26 27数量：1

组合：5 6 8 14 17 20 25 26数量：1

组合：5 9 19 27 30 31 32 33数量：1

组合：1 11 13 20 21 26 27 32数量：1

组合：1 3 6 8 8 10 12 21数量：1

组合：3 12 13 15 18 19 20 32数量：1

组合：1 2 6 15 18 25 29 32数量：1

组合：4 15 16 17 20 25 26 27数量：1

组合：5 6 11 15 17 23 26 32数量：1

组合：3 4 15 16 17 20 26 27数量：1

组合：7 14 23 24 25 26 28 29数量：2

组合：1 9 10 13 15 20 29 30数量：1

组合：1 3 6 13 17 21 24 27数量：1

组合：1 1 3 5 17 22 24 32数量：1

组合：2 9 11 14 16 17 22 32数量：2

组合：3 7 9 15 24 28 28 32数量：1

组合：1 3 12 21 22 25 29 31数量：1

组合：9 16 17 20 25 26 29 30数量：1

组合：7 23 24 25 26 26 28 29数量：1

组合：7 8 11 18 19 22 23 24数量：1

组合：1 12 22 24 27 27 29 32数量：1

组合：4 6 14 20 21 22 26 30数量：1

组合：5 22 22 24 25 28 31 32数量：1

组合：3 4 7 13 14 15 25 29数量：1

组合：3 4 15 17 20 25 26 27数量：1

组合：1 2 5 6 8 19 23 27数量：1

组合：1 12 16 18 19 24 28 29数量：1

组合：1 10 19 19 23 26 29 32数量：1

组合：2 5 6 9 9 19 19 23数量：1

组合：3 7 9 24 25 28 28 32数量：1

组合：17 20 22 23 24 26 29 32数量：1

组合：27 28 30 31 32 32 33 33数量：1

组合：6 10 13 19 20 20 21 30数量：1

组合：3 14 17 20 24 26 29 29数量：1

组合：9 12 16 20 21 23 26 29数量：1

组合：5 6 10 12 16 21 23 29数量：1

组合：2 3 7 9 13 23 25 28数量：2

组合：3 4 5 7 10 14 15 28数量：1

组合：7 9 15 18 19 24 24 25数量：1

组合：5 7 8 10 18 27 30 32数量：1

组合：2 2 4 4 8 9 19 28数量：1

组合：2 5 6 9 19 19 23 27数量：2

组合：1 2 6 15 18 24 29 32数量：1

组合：2 5 7 16 22 25 26 27数量：1

组合：1 12 16 18 19 28 29 32数量：1

组合：1 7 13 15 18 20 21 31数量：2

组合：11 14 21 22 22 23 27 29数量：1

组合：2 3 4 5 6 9 10 23数量：1

组合：1 2 3 3 4 5 6 15数量：1

组合：8 12 17 19 24 26 30 32数量：1

组合：1 3 13 17 19 21 24 27数量：1

组合：2 9 14 14 15 18 18 26数量：1

组合：2 7 10 19 22 23 25 31数量：1

组合：2 5 6 14 17 20 25 26数量：1

组合：1 1 5 6 7 9 21 31数量：1

组合：3 7 12 13 14 20 23 24数量：1

组合：2 5 7 10 14 15 17 32数量：1

组合：6 8 10 13 19 20 20 21数量：1

组合：10 14 14 15 21 25 27 29数量：1

组合：1 2 5 13 15 16 25 31数量：1

组合：2 7 16 18 27 29 29 30数量：1

组合：1 9 11 14 19 21 26 31数量：1

组合：1 5 12 15 15 20 27 31数量：1

组合：1 2 17 18 19 24 25 32数量：1

组合：2 13 16 19 21 25 31 32数量：1

组合：1 17 18 21 22 27 30 31数量：1

组合：10 12 13 14 16 18 19 21数量：1

组合：10 12 13 22 24 29 30 31数量：2

组合：3 10 14 15 17 18 19 23数量：1

组合：2 2 3 5 8 9 14 20数量：1

组合：3 16 17 20 21 22 27 30数量：1

组合：10 11 13 19 24 27 32 32数量：1

组合：1 4 17 18 21 22 30 31数量：1

组合：1 5 12 13 15 15 20 27数量：1

组合：3 4 13 14 15 25 28 29数量：1

组合：3 13 18 20 24 25 26 27数量：1

组合：1 3 6 8 8 10 21 23数量：1

组合：1 4 8 12 16 17 25 30数量：1

组合：4 5 8 16 18 26 30 32数量：1

组合：2 4 4 6 10 10 14 18数量：1

组合：1 7 11 13 18 20 24 31数量：1

组合：8 10 13 19 20 20 21 30数量：1

组合：7 9 15 18 24 24 25 28数量：1

组合：1 8 12 16 17 21 25 30数量：1

组合：1 2 4 4 9 12 16 25数量：1

组合：1 6 19 24 25 26 26 30数量：1

组合：1 3 5 6 10 11 18 32数量：1

组合：2 3 11 11 14 18 23 28数量：1

组合：1 12 20 22 24 27 30 31数量：1

组合：10 14 14 15 21 25 28 29数量：1

组合：8 12 13 16 18 19 26 26数量：1

组合：6 7 8 10 14 15 25 27数量：1

组合：8 15 23 24 27 27 28 28数量：1

组合：9 12 16 20 21 26 28 29数量：1

组合：1 4 7 11 14 24 26 32数量：1

组合：4 5 5 7 7 9 18 20数量：1

组合：2 2 6 8 10 12 15 29数量：1

组合：2 6 8 22 24 25 27 32数量：1

组合：3 5 7 9 12 18 21 26数量：1

组合：2 9 12 22 25 29 31 31数量：2

组合：3 8 9 16 21 28 31 32数量：1

组合：1 2 7 8 11 14 17 27数量：1

组合：8 12 16 18 19 26 26 31数量：1

组合：1 13 15 18 18 20 21 31数量：1

组合：8 10 11 15 16 17 19 26数量：2

组合：8 15 19 23 27 27 28 28数量：1

组合：7 8 13 18 19 22 23 24数量：1

组合：2 5 7 10 14 17 30 32数量：1

组合：6 8 9 12 15 17 21 27数量：1

组合：1 6 10 24 25 26 26 30数量：1

组合：1 9 10 13 15 16 29 30数量：1

组合：8 14 18 21 22 29 30 31数量：1

组合：6 16 17 19 25 30 32 33数量：1

组合：2 5 6 8 14 17 20 25数量：1

组合：2 9 10 10 20 21 26 31数量：1

组合：1 4 5 5 17 18 22 29数量：2

组合：8 10 14 17 19 21 24 25数量：1

组合：7 9 9 13 14 15 24 25数量：1

组合：1 8 10 12 15 20 24 27数量：1

组合：2 3 6 8 12 13 24 27数量：1

组合：7 10 16 18 27 29 29 30数量：1

组合：1 5 12 22 23 25 29 29数量：1

组合：4 5 14 16 19 21 23 27数量：1

组合：9 14 16 22 25 27 28 28数量：2

组合：1 6 6 11 12 12 18 25数量：1

组合：6 8 14 15 16 19 23 28数量：1

组合：4 14 16 19 21 23 27 29数量：1

组合：3 9 12 13 18 19 24 32数量：1

组合：2 3 8 11 19 22 23 25数量：1

组合：1 2 6 6 17 21 25 28数量：1

组合：15 19 23 24 27 27 28 28数量：1

组合：3 6 7 8 21 23 29 30数量：1

组合：2 13 16 17 19 25 31 32数量：1

组合：1 2 6 9 19 21 26 27数量：1

组合：5 16 22 22 24 25 31 32数量：1

组合：1 4 6 7 17 21 29 30数量：2

组合：1 2 6 19 21 24 26 27数量：1

组合：2 3 8 15 17 20 22 24数量：2

组合：1 2 11 16 21 23 29 33数量：1

组合：5 7 13 17 20 22 23 30数量：1

组合：5 19 24 27 30 31 32 33数量：1

组合：7 8 9 10 14 22 29 30数量：2

组合：3 7 11 12 13 18 24 25数量：1

组合：1 3 7 24 29 29 30 32数量：1

组合：9 16 17 20 21 23 26 32数量：1

组合：2 2 5 6 13 16 17 20数量：1

组合：6 8 9 11 12 15 21 27数量：1

组合：7 8 13 18 21 22 30 32数量：1

组合：1 2 8 8 17 25 27 29数量：1

组合：10 11 13 23 24 27 32 32数量：1

组合：1 8 12 20 21 24 24 32数量：1

组合：2 5 6 8 12 19 24 27数量：1

组合：7 15 20 22 24 27 28 29数量：1

组合：1 2 3 6 10 17 21 27数量：1

组合：1 7 8 9 12 23 27 30数量：1

组合：6 8 14 15 16 19 22 28数量：1

组合：8 12 13 16 19 26 26 31数量：1

组合：4 9 11 13 17 22 27 30数量：1

组合：9 10 12 18 22 23 26 27数量：1

组合：5 9 15 20 25 29 30 33数量：1

组合：5 7 9 9 13 15 24 25数量：1

组合：10 11 13 19 23 24 32 32数量：1

组合：5 6 10 15 16 21 23 29数量：1

组合：8 15 18 21 22 29 30 31数量：1

组合：2 7 23 25 26 26 27 32数量：1

组合：1 3 7 14 24 29 29 32数量：1

组合：2 3 4 6 9 22 25 26数量：2

组合：2 2 5 6 13 16 17 19数量：1

组合：4 21 24 26 28 29 30 32数量：1

组合：7 14 23 24 26 26 28 29数量：1

组合：2 5 10 14 15 17 30 32数量：1

组合：3 9 13 16 18 19 24 32数量：1

组合：2 5 7 12 22 25 26 27数量：1

组合：1 12 16 18 19 24 29 32数量：1

组合：23 27 28 30 32 32 33 33数量：1

组合：1 2 9 17 19 24 25 32数量：1

组合：1 1 4 5 5 18 22 29数量：1

组合：2 3 4 8 9 14 18 30数量：1

组合：3 4 7 12 13 14 20 23数量：1

组合：17 19 24 26 27 28 28 30数量：1

组合：4 10 14 17 19 21 24 25数量：1

组合：2 8 15 15 17 20 22 24数量：1

组合：1 1 5 6 7 9 18 21数量：1

组合：7 10 16 22 23 25 27 32数量：1

组合：3 4 8 9 16 21 28 32数量：1

组合：1 1 3 5 13 22 24 32数量：1

组合：2 7 8 18 24 25 27 32数量：1

组合：6 7 9 11 20 21 25 26数量：1

组合：2 8 22 24 25 26 27 32数量：1

组合：2 10 12 14 14 21 21 26数量：1

组合：1 3 9 13 18 18 27 29数量：1

组合：5 6 12 15 16 21 23 29数量：1

组合：7 8 13 21 22 30 31 32数量：1

组合：1 10 12 15 18 20 24 27数量：1

组合：2 4 5 13 17 24 25 31数量：1

组合：9 10 12 18 21 22 23 27数量：1

组合：5 6 7 8 12 19 24 27数量：1

组合：1 7 16 24 26 27 30 32数量：1

组合：4 10 14 20 25 26 29 30数量：1

组合：1 3 4 8 11 22 23 27数量：1

组合：1 4 9 17 18 24 29 31数量：1

组合：4 5 12 22 23 25 29 29数量：1

组合：4 9 16 17 20 25 29 30数量：1

组合：1 2 2 4 4 9 19 28数量：1

组合：2 6 11 12 13 18 19 31数量：1

组合：1 5 6 10 11 13 18 32数量：1

组合：5 7 10 15 19 19 25 29数量：1

组合：2 3 12 13 15 18 20 32数量：1

组合：7 11 14 15 23 23 24 26数量：1

组合：15 15 17 18 19 20 21 30数量：1

组合：5 11 12 14 15 19 29 31数量：1

组合：2 9 11 16 16 17 22 32数量：1

组合：2 9 12 13 15 19 22 23数量：1

组合：6 16 17 24 26 27 31 32数量：1

组合：1 2 7 8 11 14 16 27数量：1

组合：3 6 14 15 18 20 20 25数量：1

组合：1 4 8 11 13 17 25 30数量：1

组合：4 5 8 9 16 18 30 32数量：1

组合：19 19 20 22 23 26 29 31数量：1

组合：1 4 8 11 19 22 23 27数量：1

组合：2 13 16 17 19 21 25 31数量：1

组合：9 10 12 24 29 30 30 32数量：1

组合：4 21 24 26 27 28 29 32数量：1

组合：4 8 9 11 18 20 20 30数量：1

组合：6 7 8 10 14 15 26 27数量：1

组合：1 7 12 22 24 27 30 31数量：1

组合：1 2 6 15 18 24 25 32数量：1

组合：5 14 16 19 21 23 27 29数量：1

组合：10 12 13 14 18 19 21 30数量：1

组合：8 19 23 24 27 27 28 28数量：1

组合：15 20 22 24 27 28 29 31数量：1

组合：9 11 14 19 21 25 26 31数量：1

组合：2 22 24 25 26 29 30 32数量：1

组合：9 10 10 19 20 21 26 31数量：1

组合：1 4 5 12 22 23 25 29数量：2

组合：5 8 10 18 27 29 30 32数量：1

组合：8 13 18 21 22 30 31 32数量：1

组合：8 10 11 14 17 25 26 27数量：1

组合：2 5 7 10 15 17 30 32数量：1

组合：9 15 18 19 24 24 25 28数量：1

组合：10 11 19 23 24 27 32 32数量：1

组合：2 7 10 17 19 21 22 29数量：1

组合：5 8 8 9 12 21 22 30数量：1

组合：5 6 11 17 23 26 30 32数量：1

组合：6 8 10 11 14 25 26 27数量：1

组合：3 15 21 21 29 29 31 32数量：1

组合：6 6 11 12 12 18 25 29数量：1

组合：1 3 4 8 11 19 23 27数量：1

组合：2 7 10 12 19 22 25 31数量：1

组合：4 17 18 21 22 27 30 31数量：1

组合：7 10 23 25 26 26 27 32数量：1

组合：2 12 19 21 22 23 25 32数量：1

组合：10 12 13 13 22 24 30 31数量：1

组合：1 3 3 6 7 11 19 21数量：1

组合：2 5 8 14 17 20 25 26数量：1

组合：1 6 6 11 12 12 18 29数量：1

组合：4 6 14 19 20 21 22 30数量：1

组合：2 5 6 8 14 20 25 26数量：1

组合：2 10 12 19 22 23 25 31数量：1

组合：2 7 11 11 23 24 25 26数量：1

组合：2 4 5 15 17 18 25 26数量：1

组合：8 12 17 19 26 30 31 32数量：1

组合：2 3 4 10 11 17 25 31数量：1

组合：4 5 14 17 23 25 26 32数量：1

组合：2 7 10 12 19 23 25 31数量：1

组合：2 7 12 19 22 23 25 31数量：1

组合：4 5 8 10 13 14 18 24数量：1

组合：3 4 15 16 17 20 25 27数量：1

组合：1 2 5 7 12 13 15 29数量：1

组合：2 11 11 12 23 24 25 26数量：1

组合：1 1 4 6 17 21 29 30数量：1

组合：4 9 16 17 20 25 26 30数量：1

组合：2 3 7 9 9 13 23 28数量：1

组合：3 14 15 18 20 20 24 25数量：1

组合：5 6 10 12 15 16 21 29数量：1

组合：4 8 10 14 17 19 24 25数量：1

组合：1 3 3 6 7 18 19 21数量：1

组合：4 9 11 13 22 27 30 32数量：1

组合：7 11 14 21 22 22 23 27数量：1

组合：3 14 16 18 23 26 29 30数量：2

组合：1 1 5 6 7 9 18 31数量：1

组合：1 3 19 25 28 30 31 31数量：1

组合：3 15 16 17 20 25 26 27数量：1

组合：1 2 5 7 12 13 15 18数量：1

组合：1 4 5 11 14 24 26 32数量：1

组合：4 7 8 14 19 29 29 31数量：1

组合：1 4 13 20 21 26 27 32数量：1

组合：9 14 16 22 22 25 28 28数量：1

组合：14 16 22 22 25 27 28 28数量：1

组合：6 8 9 11 11 17 17 20数量：1

组合：3 6 7 10 21 23 29 30数量：1

组合：1 7 16 20 24 27 30 32数量：1

组合：6 7 8 10 14 15 25 26数量：1

组合：10 17 18 21 22 22 23 27数量：1

组合：9 10 12 17 24 30 30 32数量：1

组合：2 3 7 8 18 24 25 27数量：1

组合：3 6 14 15 20 20 24 25数量：1

组合：2 10 16 18 27 29 29 30数量：1

组合：1 2 7 8 11 14 16 17数量：1

组合：1 1 4 6 7 17 21 29数量：1

组合：7 11 15 23 23 24 26 27数量：1

组合：1 2 11 16 21 22 23 33数量：1

组合：9 15 17 20 21 23 26 32数量：1

组合：2 4 7 15 17 18 25 26数量：1

组合：1 22 24 26 27 27 29 32数量：1

组合：7 8 12 19 21 22 30 32数量：1

组合：19 19 20 22 26 29 31 32数量：1

组合：7 8 13 18 21 30 31 32数量：1

组合：7 9 18 19 24 24 25 28数量：1

组合：1 2 4 4 12 13 16 25数量：1

组合：4 21 24 27 28 29 30 32数量：1

组合：2 3 9 12 13 19 22 23数量：1

组合：6 7 7 16 19 21 22 31数量：1

组合：5 7 10 18 27 29 30 32数量：1

组合：8 8 9 12 17 19 20 31数量：1

组合：1 4 5 22 23 25 29 29数量：1

组合：9 15 16 20 21 23 26 32数量：1

组合：1 5 7 8 14 17 18 19数量：1

组合：1 5 12 17 18 23 27 31数量：1

组合：10 13 19 23 24 27 32 32数量：1

组合：2 5 12 19 21 22 23 32数量：1

组合：9 14 16 22 22 25 27 28数量：2

组合：2 9 11 14 16 16 22 32数量：1

组合：2 6 7 12 15 15 18 30数量：1

组合：2 6 7 7 8 16 19 32数量：1

组合：10 15 18 20 27 29 30 32数量：1

组合：4 5 8 9 16 18 26 32数量：1

组合：10 12 13 14 16 19 21 30数量：1

组合：1 2 4 4 9 13 16 25数量：1

组合：2 9 11 17 17 24 26 32数量：1

组合：4 9 10 11 14 19 24 25数量：1

组合：9 16 20 21 23 26 28 29数量：1

组合：6 11 12 17 24 29 30 32数量：1

组合：1 9 11 14 19 21 25 31数量：1

组合：6 8 14 16 19 22 23 28数量：1

组合：7 8 11 13 23 24 25 30数量：1

组合：4 7 14 19 24 29 29 31数量：1

组合：3 11 15 21 21 29 29 31数量：1

组合：1 4 8 12 16 21 25 30数量：1

组合：2 3 8 11 19 22 23 30数量：1

组合：2 4 4 10 10 14 18 26数量：1

组合：8 10 12 15 18 20 24 27数量：1

组合：2 4 6 11 12 13 18 31数量：1

组合：1 4 5 7 11 24 26 32数量：1

组合：10 12 13 13 22 24 29 30数量：1

组合：11 17 20 22 23 24 29 32数量：1

组合：3 6 17 20 23 27 29 32数量：1

组合：2 2 3 4 5 8 14 20数量：1

组合：2 12 22 25 29 29 31 31数量：1

组合：1 6 15 18 24 25 29 32数量：1

组合：7 10 19 22 24 26 30 30数量：1

组合：7 9 10 10 14 15 26 28数量：1

组合：4 8 10 14 17 21 24 25数量：1

组合：7 10 15 19 22 24 26 30数量：2

组合：1 3 5 6 11 13 18 32数量：1

组合：2 6 9 19 21 24 26 27数量：1

组合：4 5 13 14 17 25 26 32数量：1

组合：3 9 12 13 16 18 19 24数量：1

组合：9 15 16 17 21 23 26 32数量：1

组合：7 15 20 22 27 28 29 31数量：1

组合：2 5 6 8 19 22 23 27数量：1

组合：7 11 14 21 22 23 27 29数量：2

组合：2 7 10 17 19 21 22 25数量：1

组合：1 2 4 4 9 12 13 25数量：1

组合：4 5 7 7 9 18 19 20数量：2

组合：8 11 13 18 19 22 23 24数量：1

组合：1 2 5 8 19 22 23 27数量：1

组合：1 2 9 17 18 24 25 32数量：1

组合：5 8 8 9 12 21 30 32数量：1

组合：5 9 15 20 25 27 29 30数量：1

组合：1 2 3 3 4 5 6 10数量：1

组合：1 2 3 4 26 27 30 31数量：1

组合：1 4 11 13 20 21 27 32数量：1

组合：19 19 20 22 23 29 31 32数量：1

组合：4 5 11 14 22 27 28 28数量：1

组合：3 3 5 6 9 13 22 32数量：1

组合：4 7 13 14 15 25 28 29数量：1

组合：1 9 13 15 16 20 29 30数量：1

组合：2 4 6 8 16 24 24 25数量：1

组合：2 5 7 8 10 14 16 20数量：1

组合：4 6 14 19 20 22 26 30数量：1

组合：2 10 12 13 14 14 21 26数量：2

组合：1 6 6 17 19 21 25 28数量：1

组合：8 9 10 11 16 18 26 26数量：1

组合：7 11 14 15 23 24 25 29数量：1

组合：4 9 10 11 14 23 24 25数量：1

组合：3 8 10 13 14 16 20 21数量：1

组合：1 1 5 7 9 18 21 31数量：1

组合：4 5 13 14 23 25 26 32数量：1

组合：1 6 7 12 14 22 24 25数量：1

组合：4 8 10 14 17 19 21 24数量：1

组合：8 9 10 11 16 26 26 32数量：1

组合：1 7 11 13 18 20 26 31数量：1

组合：1 6 10 19 19 23 26 29数量：1

组合：1 4 5 7 11 14 26 32数量：1

组合：1 6 8 8 10 12 21 23数量：1

组合：1 6 10 19 19 23 29 32数量：1

组合：1 3 3 6 7 11 18 19数量：1

组合：3 7 8 11 12 13 18 25数量：1

组合：2 6 7 8 12 15 15 30数量：1

组合：9 12 18 21 22 23 26 27数量：1

组合：4 10 14 24 25 26 29 30数量：1

组合：2 4 5 6 8 24 24 25数量：1

组合：6 7 8 10 14 25 26 27数量：1

组合：7 11 14 23 23 24 26 27数量：1

组合：10 12 13 14 16 18 19 30数量：1

组合：3 12 13 16 18 19 24 32数量：1

组合：1 2 8 8 11 17 27 29数量：1

组合：9 10 12 18 21 22 26 27数量：1

组合：1 3 3 4 5 6 10 15数量：1

组合：11 17 20 22 23 24 26 29数量：1

组合：1 2 5 6 8 19 22 27数量：1

组合：10 18 26 27 29 32 32 33数量：1

组合：7 12 19 21 22 23 30 32数量：1

组合：2 3 12 13 15 18 19 20数量：1

组合：1 11 17 17 24 24 30 32数量：1

组合：3 4 10 11 17 21 25 31数量：1

组合：2 5 7 8 10 14 16 31数量：1

组合：8 14 15 18 21 22 29 31数量：1

组合：4 9 16 17 20 26 29 30数量：1

组合：7 9 15 24 25 28 28 32数量：1

组合：10 13 15 16 17 26 26 27数量：1

