组合：2 3 7 10 16 19 19数量：1

组合：3 4 6 7 10 16 16数量：1

组合：2 3 4 7 10 16 16数量：1

组合：2 3 6 7 10 16 16数量：1

组合：2 4 6 10 16 19 19数量：1

组合：6 7 11 15 16 19 19数量：1

组合：3 13 14 20 22 26 26数量：1

组合：7 11 12 15 16 19 19数量：1

组合：4 6 7 11 12 15 15数量：1

组合：2 3 4 6 10 19 19数量：1

组合：3 10 13 14 20 22 22数量：1

组合：3 14 17 20 22 26 26数量：1

组合：3 10 14 17 20 22 22数量：1

组合：2 3 4 10 16 19 19数量：1

组合：4 6 7 12 15 16 16数量：1

组合：3 10 13 14 17 26 26数量：1

组合：4 7 11 12 15 16 16数量：1

组合：3 10 17 20 22 26 26数量：1

组合：2 4 6 7 10 16 16数量：1

组合：6 11 12 15 16 19 19数量：1

组合：6 7 11 12 15 19 19数量：1

组合：2 4 6 7 10 19 19数量：1

组合：4 6 7 12 16 19 19数量：1

组合：3 4 6 7 10 19 19数量：1

组合：2 3 4 6 16 19 19数量：1

组合：4 6 11 15 16 19 19数量：1

组合：3 10 13 14 17 22 22数量：1

组合：4 7 11 12 16 19 19数量：1

组合：3 10 13 17 20 26 26数量：1

组合：3 10 13 14 22 26 26数量：1

组合：2 3 6 7 10 16 16数量：1

组合：13 14 17 20 22 26 26数量：1

组合：2 3 6 10 16 19 19数量：1

组合：10 13 14 17 20 22 22数量：1

组合：10 13 17 20 22 26 26数量：1

组合：3 10 13 17 20 22 22数量：1

组合：3 10 13 14 17 22 22数量：1

组合：2 3 4 6 7 16 16数量：1

组合：3 4 7 10 16 19 19数量：1

组合：4 7 11 15 16 19 19数量：1

组合：3 13 14 17 20 26 26数量：1

组合：3 10 13 14 20 22 22数量：1

组合：3 10 14 20 22 26 26数量：1

组合：3 10 13 17 22 26 26数量：1

组合：10 13 14 17 22 26 26数量：1

组合：10 13 14 17 20 22 22数量：1

组合：3 10 13 14 17 20 20数量：1

组合：2 3 4 6 7 19 19数量：1

组合：4 6 7 11 16 19 19数量：1

组合：6 7 11 12 15 16 16数量：1

组合：2 3 4 6 10 16 16数量：1

组合：2 3 6 7 16 19 19数量：1

组合：3 10 13 17 20 22 22数量：1

组合：3 13 14 17 20 22 22数量：1

组合：2 3 4 6 10 16 16数量：1

组合：4 6 7 11 12 15 15数量：1

组合：4 6 7 11 15 16 16数量：1

组合：4 7 11 12 15 16 16数量：1

组合：4 6 7 11 12 19 19数量：1

组合：6 7 12 15 16 19 19数量：1

组合：4 11 12 15 16 19 19数量：1

组合：10 14 17 20 22 26 26数量：1

组合：3 10 14 17 20 22 22数量：1

组合：4 6 11 12 16 19 19数量：1

组合：2 4 7 10 16 19 19数量：1

组合：4 6 11 12 15 16 16数量：1

组合：3 13 14 17 20 22 22数量：1

组合：3 10 13 14 17 20 20数量：1

组合：6 7 11 12 15 16 16数量：1

组合：4 6 7 11 15 19 19数量：1

组合：3 10 13 14 17 20 20数量：1

组合：3 6 7 10 16 19 19数量：1

组合：2 3 4 7 16 19 19数量：1

组合：4 6 7 11 12 16 16数量：1

组合：2 3 4 6 7 10 10数量：1

组合：10 13 14 20 22 26 26数量：1

组合：2 3 4 7 10 19 19数量：1

组合：4 6 11 12 15 19 19数量：1

组合：3 10 13 20 22 26 26数量：1

组合：2 3 4 6 7 16 16数量：1

组合：3 4 6 10 16 19 19数量：1

组合：3 4 6 7 10 16 16数量：1

组合：10 13 14 17 20 26 26数量：1

组合：4 6 7 11 12 15 15数量：1

组合：4 6 7 11 12 16 16数量：1

组合：3 13 14 17 22 26 26数量：1

组合：4 6 7 12 15 16 16数量：1

组合：4 7 12 15 16 19 19数量：1

组合：2 3 4 6 7 10 10数量：1

组合：2 3 4 6 7 10 10数量：1

组合：3 10 13 14 20 26 26数量：1

组合：4 6 7 12 15 19 19数量：1

组合：2 3 6 7 10 19 19数量：1

组合：4 7 11 12 15 19 19数量：1

组合：4 6 12 15 16 19 19数量：1

组合：3 10 14 17 22 26 26数量：1

组合：4 6 7 11 15 16 16数量：1

组合：6 7 11 12 16 19 19数量：1

组合：3 4 6 7 16 19 19数量：1

组合：4 6 7 15 16 19 19数量：1

组合：2 4 6 7 16 19 19数量：1

组合：2 3 4 7 10 16 16数量：1

组合：4 6 7 10 16 19 19数量：1

组合：2 6 7 10 16 19 19数量：1

组合：2 4 6 7 10 16 16数量：1

组合：3 10 14 17 20 26 26数量：1

组合：3 13 17 20 22 26 26数量：1

组合：4 6 11 12 15 16 16数量：1

