组合：1 7 11 14 15 16 24 25 31数量：1

组合：11 13 21 22 23 25 27 33 33数量：1

组合：7 16 17 25 27 29 29 33 35数量：1

组合：14 16 18 18 21 28 30 31 32数量：1

组合：3 4 6 13 14 14 17 25 27数量：1

组合：4 5 17 26 26 26 27 32 33数量：1

组合：2 6 7 23 26 27 30 31 34数量：1

组合：1 4 7 9 14 18 32 34 35数量：1

组合：3 7 7 7 10 13 18 20 25数量：1

组合：3 7 12 13 14 19 28 29 32数量：1

组合：8 9 20 23 24 24 26 28 32数量：1

组合：1 3 6 19 21 22 24 24 25数量：1

组合：1 2 7 8 11 12 18 35 35数量：1

组合：3 8 12 14 16 17 20 24 27数量：1

组合：10 10 13 17 18 29 33 34 35数量：1

组合：5 7 7 10 16 19 27 33 33数量：1

组合：1 13 18 19 19 22 26 28 35数量：1

组合：2 3 8 11 21 24 25 25 26数量：1

组合：4 7 7 10 12 25 26 31 33数量：1

组合：2 3 9 17 19 23 30 34 35数量：1

组合：2 3 5 13 17 21 26 30 32数量：1

组合：3 7 10 16 19 26 27 28 29数量：2

组合：1 5 12 18 21 26 32 34 35数量：1

组合：2 13 14 15 15 18 26 30 33数量：1

组合：7 13 13 18 25 29 31 32 35数量：1

组合：2 4 5 9 10 11 13 15 28数量：1

组合：1 3 5 7 8 9 22 32 33数量：1

组合：13 16 18 21 25 25 28 35 35数量：1

组合：1 8 10 12 16 17 28 30 34数量：1

组合：7 8 10 17 25 29 29 30 35数量：1

组合：2 13 15 18 20 28 33 34 34数量：1

组合：1 2 3 5 17 26 29 30 31数量：1

组合：2 3 5 7 16 26 27 31 34数量：1

组合：8 10 20 22 28 30 32 34 35数量：1

组合：2 4 5 6 9 18 19 27 33数量：1

组合：3 3 11 21 22 27 28 32 35数量：1

组合：3 4 5 12 24 27 27 30 35数量：1

组合：4 4 18 18 20 21 24 25 29数量：1

组合：5 7 13 14 19 27 27 30 32数量：1

组合：5 5 6 8 15 19 27 29 33数量：1

组合：1 2 5 18 27 29 29 31 35数量：1

组合：8 10 15 17 24 29 30 30 35数量：1

组合：3 6 10 17 17 21 21 21 33数量：1

组合：4 8 12 16 21 21 28 29 32数量：1

组合：3 4 4 13 22 22 26 27 30数量：1

组合：2 3 8 10 12 12 18 20 21数量：1

组合：4 8 11 12 14 14 17 24 28数量：1

组合：3 5 7 7 8 17 24 26 35数量：1

组合：6 7 14 16 20 24 25 26 27数量：1

组合：1 9 10 11 13 21 29 30 33数量：1

组合：1 5 11 12 21 24 26 31 33数量：1

组合：2 7 15 16 18 23 25 25 34数量：1

组合：5 16 20 21 22 22 26 28 32数量：1

组合：3 4 9 10 10 12 12 25 29数量：1

组合：5 9 10 13 18 29 30 31 33数量：1

组合：1 8 9 12 21 21 22 31 33数量：1

组合：2 4 8 14 19 21 26 33 33数量：1

组合：1 2 8 15 18 21 21 22 25数量：1

组合：3 13 17 20 22 25 27 30 33数量：1

组合：7 18 18 20 23 24 25 31 31数量：1

组合：4 5 5 9 15 23 29 33 35数量：1

组合：2 3 10 14 18 18 23 24 35数量：1

组合：1 4 9 18 19 22 27 33 34数量：1

组合：4 12 16 16 17 21 23 30 34数量：1

组合：2 14 18 24 25 28 29 31 34数量：1

组合：1 2 15 15 20 21 27 30 30数量：1

组合：5 9 10 12 19 21 28 29 33数量：1

组合：8 11 12 16 18 19 20 23 33数量：1

组合：2 3 5 8 11 22 26 28 35数量：1

组合：1 6 9 15 26 32 33 34 35数量：1

组合：11 15 19 20 20 21 24 24 27数量：1

组合：6 8 13 14 22 22 30 33 34数量：1

组合：2 4 8 12 13 17 25 28 35数量：1

组合：1 7 10 17 21 26 30 34 35数量：1

组合：10 13 19 20 24 27 28 28 31数量：1

组合：2 2 4 6 9 10 12 26 27数量：1

组合：6 10 15 20 20 24 30 34 34数量：1

组合：3 4 19 21 24 25 30 31 35数量：1

组合：2 8 11 12 13 19 30 34 35数量：1

组合：5 6 6 7 10 20 25 28 28数量：1

组合：1 3 11 13 15 16 21 24 27数量：1

组合：2 3 5 7 14 20 21 28 34数量：1

组合：2 6 13 15 19 24 28 32 35数量：1

组合：1 1 16 17 18 28 32 33 35数量：1

组合：2 3 5 13 16 17 18 23 24数量：1

组合：1 1 6 6 8 11 14 14 32数量：1

组合：1 9 16 18 18 30 33 33 33数量：1

组合：1 2 10 11 13 24 25 28 32数量：1

组合：2 3 6 14 22 25 32 34 35数量：1

组合：7 7 19 21 25 27 29 31 35数量：1

组合：9 12 14 14 17 25 26 31 35数量：1

组合：12 15 16 20 22 23 24 29 29数量：1

组合：6 8 12 18 18 21 27 30 33数量：1

组合：4 7 10 12 19 22 29 30 31数量：1

组合：3 6 10 14 16 17 19 20 31数量：1

组合：1 5 15 16 19 20 22 26 30数量：1

组合：10 10 13 14 17 19 32 35 35数量：1

组合：2 5 11 23 25 27 30 33 34数量：1

组合：10 11 12 16 19 20 26 29 31数量：1

组合：1 5 7 22 24 29 31 33 34数量：1

组合：2 7 9 15 19 29 29 31 31数量：1

组合：1 2 7 9 12 17 19 24 30数量：1

组合：3 12 13 17 19 19 30 31 32数量：1

组合：2 6 13 17 21 21 22 27 33数量：1

组合：9 11 15 16 18 25 28 31 32数量：1

组合：5 5 6 8 11 12 21 28 35数量：1

组合：1 1 3 6 13 17 19 22 27数量：1

组合：4 7 8 14 15 16 20 26 33数量：1

组合：8 14 15 23 24 24 27 31 32数量：1

组合：9 17 22 26 27 28 32 33 35数量：1

组合：12 13 13 18 23 24 28 31 32数量：1

组合：6 7 10 20 21 29 29 34 34数量：1

组合：1 8 9 12 14 22 22 30 35数量：1

组合：7 10 15 17 19 32 32 34 35数量：1

组合：3 7 8 9 11 13 19 27 28数量：1

组合：4 10 12 13 19 20 25 27 33数量：1

组合：4 6 15 18 20 25 27 28 32数量：1

组合：3 8 14 18 20 27 30 30 34数量：1

组合：3 6 9 18 21 21 30 33 35数量：1

组合：11 14 17 21 23 25 27 28 33数量：1

组合：5 6 7 9 10 14 15 23 26数量：1

组合：1 6 11 19 22 23 26 34 34数量：1

组合：3 3 5 8 27 27 28 30 31数量：1

组合：2 6 8 16 19 20 24 29 32数量：1

组合：6 7 9 10 25 25 28 31 33数量：1

组合：7 8 8 10 12 15 15 21 23数量：1

组合：2 3 6 8 17 20 26 28 29数量：1

组合：2 3 3 13 15 17 18 23 24数量：1

组合：12 16 16 18 19 28 33 34 35数量：1

组合：3 7 9 12 19 26 29 30 31数量：1

组合：3 5 8 11 12 20 30 31 31数量：1

组合：3 5 7 19 19 23 25 32 34数量：1

组合：1 2 3 8 9 22 30 32 34数量：1

组合：6 9 14 17 19 22 26 32 34数量：1

组合：2 3 7 8 20 20 23 35 35数量：1

组合：1 3 13 14 20 22 29 32 34数量：1

组合：1 4 5 8 12 15 18 24 26数量：1

组合：1 3 8 14 16 17 23 32 33数量：1

组合：2 3 9 10 12 12 25 27 31数量：1

组合：1 3 9 10 18 23 29 30 33数量：1

组合：2 3 4 6 6 13 15 18 30数量：1

组合：2 11 20 21 22 23 24 28 30数量：1

组合：5 5 13 13 14 16 23 26 27数量：1

组合：6 7 10 11 22 23 29 31 35数量：1

组合：1 3 7 9 15 17 22 23 35数量：1

组合：2 3 6 7 12 17 30 34 34数量：1

组合：2 5 14 18 19 23 24 31 32数量：1

组合：1 6 11 15 16 23 28 30 34数量：1

组合：3 7 9 20 21 24 26 26 35数量：1

组合：3 6 13 17 17 22 24 29 35数量：1

组合：4 7 17 18 27 29 33 34 35数量：1

组合：2 10 12 15 16 21 25 28 30数量：1

组合：4 7 10 12 12 14 15 18 19数量：1

组合：2 6 11 13 25 26 29 31 34数量：1

组合：8 9 10 16 17 17 21 27 33数量：1

组合：7 9 11 14 16 29 29 32 33数量：1

组合：2 4 21 23 26 28 29 30 34数量：1

组合：6 14 15 19 20 20 27 33 34数量：1

组合：5 5 7 8 14 19 24 34 35数量：1

组合：1 5 7 15 24 25 26 29 34数量：1

组合：1 7 9 10 19 20 20 31 34数量：1

组合：2 4 8 10 20 21 21 24 31数量：1

组合：2 7 11 13 16 16 18 23 30数量：1

组合：5 9 10 13 14 19 29 34 34数量：1

组合：9 11 15 17 20 20 28 29 35数量：1

组合：2 4 6 11 12 13 27 31 33数量：1

组合：1 15 17 17 24 33 33 34 35数量：1

组合：1 4 8 9 19 19 21 23 32数量：1

组合：2 3 10 11 12 19 30 30 34数量：1

组合：4 9 20 23 23 24 27 30 34数量：1

组合：10 11 11 15 18 19 25 27 29数量：1

